natNi(p,x)57Ni					
 					
					
	fit	fit			
Energy	Pade	Uncert.	Phys. yield	Phys. yield	1 h irrad.
MeV	mb	mb	(MBq/uAh)	(mCi/uAh)	(MBq/uA)
12.0	0.09	0.09	4.47E-04	1.21E-05	4.42E-04
12.1	0.11	0.11	1.03E-03	2.79E-05	1.02E-03
12.2	0.14	0.14	1.76E-03	4.75E-05	1.74E-03
12.3	0.17	0.17	2.62E-03	7.09E-05	2.60E-03
12.4	0.19	0.19	3.63E-03	9.80E-05	3.59E-03
12.5	0.22	0.22	4.76E-03	1.29E-04	4.72E-03
12.6	0.24	0.24	6.03E-03	1.63E-04	5.97E-03
12.7	0.26	0.26	7.42E-03	2.01E-04	7.35E-03
12.8	0.28	0.28	8.94E-03	2.42E-04	8.85E-03
12.9	0.30	0.30	1.06E-02	2.85E-04	1.05E-02
13.0	0.32	0.05	1.23E-02	3.32E-04	1.22E-02
13.1	0.34	0.06	1.41E-02	3.81E-04	1.40E-02
13.2	0.36	0.06	1.60E-02	4.34E-04	1.59E-02
13.3	0.38	0.06	1.81E-02	4.90E-04	1.79E-02
13.4	0.41	0.07	2.04E-02	5.51E-04	2.02E-02
13.5	0.46	0.08	2.29E-02	6.20E-04	2.27E-02
13.6	0.53	0.09	2.59E-02	6.99E-04	2.56E-02
13.7	0.62	0.10	2.93E-02	7.92E-04	2.90E-02
13.8	0.73	0.12	3.34E-02	9.03E-04	3.31E-02
13.9	0.88	0.15	3.84E-02	1.04E-03	3.80E-02
14.0	1.06	0.13	4.44E-02	1.20E-03	4.39E-02
14.1	1.27	0.16	5.16E-02	1.40E-03	5.11E-02
14.2	1.53	0.19	6.04E-02	1.63E-03	5.98E-02
14.3	1.84	0.23	7.11E-02	1.92E-03	7.04E-02
14.4	2.21	0.28	8.38E-02	2.27E-03	8.30E-02
14.5	2.62	0.33	9.91E-02	2.68E-03	9.82E-02
14.6	3.11	0.39	1.17E-01	3.17E-03	1.16E-01
14.7	3.65	0.46	1.39E-01	3.75E-03	1.37E-01
14.8	4.27	0.54	1.64E-01	4.43E-03	1.62E-01
14.9	4.97	0.63	1.94E-01	5.23E-03	1.92E-01
15.0	5.75	0.34	2.28E-01	6.16E-03	2.26E-01
15.1	6.61	0.39	2.68E-01	7.23E-03	2.65E-01
15.2	7.56	0.45	3.13E-01	8.46E-03	3.10E-01
15.3	8.60	0.51	3.65E-01	9.87E-03	3.62E-01
15.4	9.73	0.58	4.24E-01	1.15E-02	4.20E-01
15.5	10.96	0.65	4.91E-01	1.33E-02	4.87E-01
15.6	12.28	0.73	5.67E-01	1.53E-02	5.61E-01
15.7	13.69	0.81	6.51E-01	1.76E-02	6.45E-01
15.8	15.21	0.90	7.46E-01	2.02E-02	7.39E-01
15.9	16.82	1.00	8.50E-01	2.30E-02	8.42E-01
16.0	18.54	1.14	9.66E-01	2.61E-02	9.57E-01
16.1	20.36	1.25	1.09E+00	2.96E-02	1.08E+00
16.2	22.28	1.36	1.24E+00	3.34E-02	1.22E+00
16.3	24.29	1.49	1.39E+00	3.75E-02	1.38E+00
16.4	26.39	1.62	1.56E+00	4.21E-02	1.54E+00
16.5	28.57	1.75	1.74E+00	4.70E-02	1.72E+00
16.6	30.84	1.89	1.94E+00	5.24E-02	1.92E+00
16.7	33.17	2.03	2.15E+00	5.82E-02	2.13E+00
16.8	35.58	2.18	2.38E+00	6.44E-02	2.36E+00
16.9	38.05	2.33	2.63E+00	7.11E-02	2.61E+00
17.0	40.59	2.55	2.90E+00	7.83E-02	2.87E+00
17.1	43.17	2.71	3.18E+00	8.60E-02	3.15E+00
17.2	45.81	2.88	3.49E+00	9.42E-02	3.45E+00
17.3	48.48	3.04	3.81E+00	1.03E-01	3.77E+00
17.4	51.19	3.21	4.15E+00	1.12E-01	4.11E+00
17.5	53.93	3.39	4.51E+00	1.22E-01	4.47E+00
17.6	56.69	3.56	4.90E+00	1.32E-01	4.85E+00
17.7	59.46	3.73	5.30E+00	1.43E-01	5.25E+00
17.8	62.24	3.91	5.72E+00	1.55E-01	5.67E+00
17.9	65.02	4.08	6.17E+00	1.67E-01	6.11E+00
18.0	67.79	3.97	6.64E+00	1.79E-01	6.57E+00
18.1	70.54	4.13	7.12E+00	1.93E-01	7.06E+00
18.2	73.28	4.29	7.63E+00	2.06E-01	7.56E+00
18.3	76.00	4.45	8.17E+00	2.21E-01	8.09E+00
18.4	78.69	4.60	8.72E+00	2.36E-01	8.64E+00
18.5	81.35	4.76	9.29E+00	2.51E-01	9.21E+00
18.6	83.98	4.91	9.89E+00	2.67E-01	9.80E+00
18.7	86.57	5.07	1.05E+01	2.84E-01	1.04E+01
18.8	89.13	5.21	1.11E+01	3.01E-01	1.10E+01
18.9	91.64	5.36	1.18E+01	3.19E-01	1.17E+01
19.0	94.10	4.79	1.25E+01	3.38E-01	1.24E+01
19.1	96.52	4.91	1.32E+01	3.56E-01	1.31E+01
19.2	98.88	5.03	1.39E+01	3.76E-01	1.38E+01
19.3	101.19	5.15	1.47E+01	3.96E-01	1.45E+01
19.4	103.45	5.27	1.54E+01	4.17E-01	1.53E+01
19.5	105.66	5.38	1.62E+01	4.38E-01	1.60E+01
19.6	107.82	5.49	1.70E+01	4.59E-01	1.68E+01
19.7	109.92	5.60	1.78E+01	4.82E-01	1.76E+01
19.8	111.97	5.70	1.87E+01	5.04E-01	1.85E+01
19.9	113.96	5.80	1.95E+01	5.27E-01	1.93E+01
20.0	115.91	5.24	2.04E+01	5.51E-01	2.02E+01
20.1	117.79	5.33	2.13E+01	5.75E-01	2.11E+01
20.2	119.63	5.41	2.22E+01	6.00E-01	2.20E+01
20.3	121.41	5.49	2.31E+01	6.25E-01	2.29E+01
20.4	123.14	5.57	2.41E+01	6.50E-01	2.38E+01
20.5	124.82	5.64	2.50E+01	6.76E-01	2.48E+01
20.6	126.45	5.72	2.60E+01	7.03E-01	2.58E+01
20.7	128.03	5.79	2.70E+01	7.29E-01	2.67E+01
20.8	129.56	5.86	2.80E+01	7.57E-01	2.77E+01
20.9	131.05	5.93	2.90E+01	7.84E-01	2.87E+01
21.0	132.49	5.69	3.01E+01	8.12E-01	2.98E+01
21.1	133.88	5.75	3.11E+01	8.41E-01	3.08E+01
21.2	135.23	5.81	3.22E+01	8.70E-01	3.19E+01
21.3	136.54	5.86	3.33E+01	8.99E-01	3.29E+01
21.4	137.81	5.92	3.43E+01	9.28E-01	3.40E+01
21.5	139.04	5.97	3.54E+01	9.58E-01	3.51E+01
21.6	140.23	6.02	3.66E+01	9.88E-01	3.62E+01
21.7	141.38	6.07	3.77E+01	1.02E+00	3.73E+01
21.8	142.49	6.12	3.88E+01	1.05E+00	3.85E+01
21.9	143.57	6.16	4.00E+01	1.08E+00	3.96E+01
22.0	144.61	6.17	4.12E+01	1.11E+00	4.08E+01
22.1	145.62	6.22	4.23E+01	1.14E+00	4.19E+01
22.2	146.60	6.26	4.35E+01	1.18E+00	4.31E+01
22.3	147.55	6.30	4.47E+01	1.21E+00	4.43E+01
22.4	148.47	6.34	4.59E+01	1.24E+00	4.55E+01
22.5	149.36	6.38	4.71E+01	1.27E+00	4.67E+01
22.6	150.22	6.41	4.84E+01	1.31E+00	4.79E+01
22.7	151.06	6.45	4.96E+01	1.34E+00	4.91E+01
22.8	151.88	6.48	5.09E+01	1.37E+00	5.04E+01
22.9	152.67	6.52	5.21E+01	1.41E+00	5.16E+01
23.0	153.44	6.57	5.34E+01	1.44E+00	5.29E+01
23.1	154.19	6.60	5.47E+01	1.48E+00	5.41E+01
23.2	154.92	6.63	5.59E+01	1.51E+00	5.54E+01
23.3	155.63	6.67	5.72E+01	1.55E+00	5.67E+01
23.4	156.33	6.69	5.85E+01	1.58E+00	5.80E+01
23.5	157.01	6.72	5.99E+01	1.62E+00	5.93E+01
23.6	157.69	6.75	6.12E+01	1.65E+00	6.06E+01
23.7	158.35	6.78	6.25E+01	1.69E+00	6.19E+01
23.8	159.00	6.81	6.39E+01	1.73E+00	6.33E+01
23.9	159.65	6.84	6.52E+01	1.76E+00	6.46E+01
24.0	160.29	6.84	6.66E+01	1.80E+00	6.59E+01
24.1	160.93	6.86	6.79E+01	1.84E+00	6.73E+01
24.2	161.57	6.89	6.93E+01	1.87E+00	6.87E+01
24.3	162.22	6.92	7.07E+01	1.91E+00	7.00E+01
24.4	162.88	6.95	7.21E+01	1.95E+00	7.14E+01
24.5	163.54	6.98	7.35E+01	1.99E+00	7.28E+01
24.6	164.23	7.00	7.49E+01	2.03E+00	7.42E+01
24.7	164.94	7.03	7.64E+01	2.06E+00	7.57E+01
24.8	165.68	7.07	7.78E+01	2.10E+00	7.71E+01
24.9	166.44	7.10	7.93E+01	2.14E+00	7.85E+01
25.0	167.24	7.05	8.07E+01	2.18E+00	8.00E+01
25.1	168.08	7.09	8.22E+01	2.22E+00	8.14E+01
25.2	168.95	7.12	8.37E+01	2.26E+00	8.29E+01
25.3	169.86	7.16	8.52E+01	2.30E+00	8.44E+01
25.4	170.80	7.20	8.67E+01	2.34E+00	8.59E+01
25.5	171.76	7.24	8.83E+01	2.39E+00	8.74E+01
25.6	172.76	7.28	8.98E+01	2.43E+00	8.90E+01
25.7	173.77	7.32	9.14E+01	2.47E+00	9.05E+01
25.8	174.80	7.37	9.30E+01	2.51E+00	9.21E+01
25.9	175.85	7.41	9.46E+01	2.56E+00	9.37E+01
26.0	176.92	7.38	9.62E+01	2.60E+00	9.52E+01
26.1	177.99	7.42	9.78E+01	2.64E+00	9.69E+01
26.2	179.05	7.47	9.94E+01	2.69E+00	9.85E+01
26.3	180.08	7.51	1.01E+02	2.73E+00	1.00E+02
26.4	181.06	7.55	1.03E+02	2.78E+00	1.02E+02
26.5	181.97	7.59	1.04E+02	2.82E+00	1.03E+02
26.6	182.77	7.62	1.06E+02	2.87E+00	1.05E+02
26.7	183.46	7.65	1.08E+02	2.91E+00	1.07E+02
26.8	184.02	7.67	1.10E+02	2.96E+00	1.09E+02
26.9	184.41	7.69	1.11E+02	3.01E+00	1.10E+02
27.0	184.61	7.73	1.13E+02	3.05E+00	1.12E+02
27.1	184.63	7.73	1.15E+02	3.10E+00	1.14E+02
27.2	184.45	7.72	1.17E+02	3.15E+00	1.15E+02
27.3	184.09	7.71	1.18E+02	3.20E+00	1.17E+02
27.4	183.57	7.69	1.20E+02	3.24E+00	1.19E+02
27.5	182.89	7.66	1.22E+02	3.29E+00	1.21E+02
27.6	182.08	7.63	1.24E+02	3.34E+00	1.22E+02
27.7	181.14	7.59	1.25E+02	3.39E+00	1.24E+02
27.8	180.09	7.54	1.27E+02	3.43E+00	1.26E+02
27.9	178.94	7.49	1.29E+02	3.48E+00	1.28E+02
28.0	177.70	7.49	1.30E+02	3.53E+00	1.29E+02
28.1	176.39	7.43	1.32E+02	3.57E+00	1.31E+02
28.2	175.01	7.37	1.34E+02	3.62E+00	1.33E+02
28.3	173.58	7.31	1.36E+02	3.67E+00	1.34E+02
28.4	172.11	7.25	1.37E+02	3.71E+00	1.36E+02
28.5	170.60	7.19	1.39E+02	3.76E+00	1.38E+02
28.6	169.08	7.12	1.41E+02	3.80E+00	1.39E+02
28.7	167.54	7.06	1.42E+02	3.85E+00	1.41E+02
28.8	166.00	6.99	1.44E+02	3.89E+00	1.43E+02
28.9	164.47	6.93	1.46E+02	3.94E+00	1.44E+02
29.0	162.96	6.84	1.47E+02	3.98E+00	1.46E+02
29.1	161.48	6.78	1.49E+02	4.02E+00	1.48E+02
29.2	160.03	6.72	1.51E+02	4.07E+00	1.49E+02
29.3	158.61	6.66	1.52E+02	4.11E+00	1.51E+02
29.4	157.22	6.60	1.54E+02	4.15E+00	1.52E+02
29.5	155.85	6.55	1.55E+02	4.20E+00	1.54E+02
29.6	154.50	6.49	1.57E+02	4.24E+00	1.55E+02
29.7	153.18	6.43	1.58E+02	4.28E+00	1.57E+02
29.8	151.87	6.38	1.60E+02	4.32E+00	1.58E+02
29.9	150.59	6.32	1.62E+02	4.37E+00	1.60E+02
30.0	149.32	6.19	1.63E+02	4.41E+00	1.62E+02
30.1	148.08	6.14	1.65E+02	4.45E+00	1.63E+02
30.2	146.84	6.09	1.66E+02	4.49E+00	1.65E+02
30.3	145.63	6.04	1.68E+02	4.53E+00	1.66E+02
30.4	144.43	5.99	1.69E+02	4.57E+00	1.67E+02
30.5	143.24	5.94	1.71E+02	4.61E+00	1.69E+02
30.6	142.07	5.89	1.72E+02	4.65E+00	1.70E+02
30.7	140.92	5.84	1.74E+02	4.69E+00	1.72E+02
30.8	139.77	5.79	1.75E+02	4.73E+00	1.73E+02
30.9	138.64	5.75	1.76E+02	4.77E+00	1.75E+02
31.0	137.53	5.75	1.78E+02	4.81E+00	1.76E+02
31.1	136.42	5.71	1.79E+02	4.84E+00	1.78E+02
31.2	135.33	5.66	1.81E+02	4.88E+00	1.79E+02
31.3	134.25	5.61	1.82E+02	4.92E+00	1.80E+02
31.4	133.19	5.57	1.83E+02	4.96E+00	1.82E+02
31.5	132.13	5.53	1.85E+02	5.00E+00	1.83E+02
31.6	131.09	5.48	1.86E+02	5.03E+00	1.84E+02
31.7	130.06	5.44	1.88E+02	5.07E+00	1.86E+02
31.8	129.04	5.40	1.89E+02	5.11E+00	1.87E+02
31.9	128.03	5.35	1.90E+02	5.15E+00	1.89E+02
32.0	127.04	5.37	1.92E+02	5.18E+00	1.90E+02
32.1	126.06	5.33	1.93E+02	5.22E+00	1.91E+02
32.2	125.09	5.29	1.94E+02	5.25E+00	1.93E+02
32.3	124.13	5.25	1.96E+02	5.29E+00	1.94E+02
32.4	123.19	5.21	1.97E+02	5.33E+00	1.95E+02
32.5	122.25	5.17	1.98E+02	5.36E+00	1.96E+02
32.6	121.33	5.13	2.00E+02	5.40E+00	1.98E+02
32.7	120.42	5.09	2.01E+02	5.43E+00	1.99E+02
32.8	119.53	5.05	2.02E+02	5.47E+00	2.00E+02
32.9	118.64	5.02	2.04E+02	5.50E+00	2.02E+02
33.0	117.77	4.98	2.05E+02	5.54E+00	2.03E+02
33.1	116.91	4.94	2.06E+02	5.57E+00	2.04E+02
33.2	116.07	4.91	2.07E+02	5.60E+00	2.05E+02
33.3	115.23	4.87	2.09E+02	5.64E+00	2.07E+02
33.4	114.41	4.84	2.10E+02	5.67E+00	2.08E+02
33.5	113.60	4.80	2.11E+02	5.70E+00	2.09E+02
33.6	112.81	4.77	2.12E+02	5.74E+00	2.10E+02
33.7	112.02	4.74	2.14E+02	5.77E+00	2.12E+02
33.8	111.25	4.70	2.15E+02	5.80E+00	2.13E+02
33.9	110.50	4.67	2.16E+02	5.84E+00	2.14E+02
34.0	109.75	4.64	2.17E+02	5.87E+00	2.15E+02
34.1	109.02	4.61	2.18E+02	5.90E+00	2.16E+02
34.2	108.30	4.58	2.20E+02	5.94E+00	2.18E+02
34.3	107.59	4.55	2.21E+02	5.97E+00	2.19E+02
34.4	106.90	4.52	2.22E+02	6.00E+00	2.20E+02
34.5	106.22	4.49	2.23E+02	6.03E+00	2.21E+02
34.6	105.55	4.47	2.24E+02	6.06E+00	2.22E+02
34.7	104.89	4.44	2.26E+02	6.10E+00	2.23E+02
34.8	104.24	4.41	2.27E+02	6.13E+00	2.25E+02
34.9	103.61	4.38	2.28E+02	6.16E+00	2.26E+02
35.0	102.99	4.36	2.29E+02	6.19E+00	2.27E+02
35.1	102.38	4.33	2.30E+02	6.22E+00	2.28E+02
35.2	101.78	4.31	2.31E+02	6.25E+00	2.29E+02
35.3	101.20	4.28	2.33E+02	6.29E+00	2.30E+02
35.4	100.62	4.26	2.34E+02	6.32E+00	2.31E+02
35.5	100.06	4.23	2.35E+02	6.35E+00	2.33E+02
35.6	99.51	4.21	2.36E+02	6.38E+00	2.34E+02
35.7	98.97	4.19	2.37E+02	6.41E+00	2.35E+02
35.8	98.44	4.17	2.38E+02	6.44E+00	2.36E+02
35.9	97.92	4.14	2.39E+02	6.47E+00	2.37E+02
36.0	97.41	4.12	2.41E+02	6.50E+00	2.38E+02
36.1	96.91	4.09	2.42E+02	6.53E+00	2.39E+02
36.2	96.42	4.07	2.43E+02	6.56E+00	2.40E+02
36.3	95.95	4.05	2.44E+02	6.59E+00	2.42E+02
36.4	95.48	4.03	2.45E+02	6.62E+00	2.43E+02
36.5	95.02	4.01	2.46E+02	6.65E+00	2.44E+02
36.6	94.58	4.00	2.47E+02	6.68E+00	2.45E+02
36.7	94.14	3.98	2.48E+02	6.71E+00	2.46E+02
36.8	93.71	3.96	2.50E+02	6.74E+00	2.47E+02
36.9	93.30	3.94	2.51E+02	6.77E+00	2.48E+02
37.0	92.89	3.92	2.52E+02	6.80E+00	2.49E+02
37.1	92.49	3.91	2.53E+02	6.83E+00	2.50E+02
37.2	92.10	3.89	2.54E+02	6.86E+00	2.51E+02
37.3	91.71	3.87	2.55E+02	6.89E+00	2.53E+02
37.4	91.34	3.86	2.56E+02	6.92E+00	2.54E+02
37.5	90.97	3.84	2.57E+02	6.95E+00	2.55E+02
37.6	90.61	3.83	2.58E+02	6.98E+00	2.56E+02
37.7	90.26	3.81	2.59E+02	7.01E+00	2.57E+02
37.8	89.92	3.80	2.60E+02	7.04E+00	2.58E+02
37.9	89.59	3.78	2.62E+02	7.07E+00	2.59E+02
38.0	89.26	3.79	2.63E+02	7.10E+00	2.60E+02
38.1	88.94	3.78	2.64E+02	7.13E+00	2.61E+02
38.2	88.63	3.77	2.65E+02	7.16E+00	2.62E+02
38.3	88.32	3.75	2.66E+02	7.19E+00	2.63E+02
38.4	88.02	3.74	2.67E+02	7.22E+00	2.64E+02
38.5	87.73	3.73	2.68E+02	7.24E+00	2.65E+02
38.6	87.44	3.72	2.69E+02	7.27E+00	2.67E+02
38.7	87.17	3.71	2.70E+02	7.30E+00	2.68E+02
38.8	86.89	3.69	2.71E+02	7.33E+00	2.69E+02
38.9	86.62	3.68	2.72E+02	7.36E+00	2.70E+02
39.0	86.36	3.67	2.73E+02	7.39E+00	2.71E+02
39.1	86.11	3.66	2.74E+02	7.42E+00	2.72E+02
39.2	85.86	3.65	2.76E+02	7.45E+00	2.73E+02
39.3	85.61	3.64	2.77E+02	7.48E+00	2.74E+02
39.4	85.37	3.63	2.78E+02	7.51E+00	2.75E+02
39.5	85.14	3.62	2.79E+02	7.53E+00	2.76E+02
39.6	84.91	3.61	2.80E+02	7.56E+00	2.77E+02
39.7	84.69	3.60	2.81E+02	7.59E+00	2.78E+02
39.8	84.47	3.59	2.82E+02	7.62E+00	2.79E+02
39.9	84.26	3.58	2.83E+02	7.65E+00	2.80E+02
40.0	84.05	3.61	2.84E+02	7.68E+00	2.81E+02
40.1	83.84	3.60	2.85E+02	7.71E+00	2.82E+02
40.2	83.64	3.59	2.86E+02	7.74E+00	2.83E+02
40.3	83.44	3.58	2.87E+02	7.76E+00	2.85E+02
40.4	83.25	3.57	2.88E+02	7.79E+00	2.86E+02
40.5	83.06	3.57	2.89E+02	7.82E+00	2.87E+02
40.6	82.88	3.56	2.90E+02	7.85E+00	2.88E+02
40.7	82.70	3.55	2.92E+02	7.88E+00	2.89E+02
40.8	82.52	3.54	2.93E+02	7.91E+00	2.90E+02
40.9	82.35	3.54	2.94E+02	7.94E+00	2.91E+02
41.0	82.18	3.53	2.95E+02	7.97E+00	2.92E+02
41.1	82.01	3.52	2.96E+02	8.00E+00	2.93E+02
41.2	81.85	3.51	2.97E+02	8.02E+00	2.94E+02
41.3	81.69	3.51	2.98E+02	8.05E+00	2.95E+02
41.4	81.54	3.50	2.99E+02	8.08E+00	2.96E+02
41.5	81.38	3.49	3.00E+02	8.11E+00	2.97E+02
41.6	81.23	3.49	3.01E+02	8.14E+00	2.98E+02
41.7	81.08	3.48	3.02E+02	8.17E+00	2.99E+02
41.8	80.94	3.48	3.03E+02	8.20E+00	3.00E+02
41.9	80.80	3.47	3.04E+02	8.23E+00	3.01E+02
42.0	80.66	3.48	3.05E+02	8.25E+00	3.03E+02
42.1	80.52	3.48	3.07E+02	8.28E+00	3.04E+02
42.2	80.39	3.47	3.08E+02	8.31E+00	3.05E+02
42.3	80.26	3.47	3.09E+02	8.34E+00	3.06E+02
42.4	80.13	3.46	3.10E+02	8.37E+00	3.07E+02
42.5	80.00	3.46	3.11E+02	8.40E+00	3.08E+02
42.6	79.88	3.45	3.12E+02	8.43E+00	3.09E+02
42.7	79.76	3.44	3.13E+02	8.46E+00	3.10E+02
42.8	79.63	3.44	3.14E+02	8.49E+00	3.11E+02
42.9	79.52	3.43	3.15E+02	8.52E+00	3.12E+02
43.0	79.40	3.43	3.16E+02	8.54E+00	3.13E+02
43.1	79.29	3.42	3.17E+02	8.57E+00	3.14E+02
43.2	79.17	3.42	3.18E+02	8.60E+00	3.15E+02
43.3	79.06	3.42	3.19E+02	8.63E+00	3.16E+02
43.4	78.96	3.41	3.20E+02	8.66E+00	3.17E+02
43.5	78.85	3.41	3.21E+02	8.69E+00	3.18E+02
43.6	78.74	3.40	3.23E+02	8.72E+00	3.19E+02
43.7	78.64	3.40	3.24E+02	8.75E+00	3.21E+02
43.8	78.54	3.39	3.25E+02	8.78E+00	3.22E+02
43.9	78.44	3.39	3.26E+02	8.81E+00	3.23E+02
44.0	78.34	3.38	3.27E+02	8.83E+00	3.24E+02
44.1	78.24	3.38	3.28E+02	8.86E+00	3.25E+02
44.2	78.15	3.38	3.29E+02	8.89E+00	3.26E+02
44.3	78.05	3.37	3.30E+02	8.92E+00	3.27E+02
44.4	77.96	3.37	3.31E+02	8.95E+00	3.28E+02
44.5	77.87	3.36	3.32E+02	8.98E+00	3.29E+02
44.6	77.78	3.36	3.33E+02	9.01E+00	3.30E+02
44.7	77.69	3.36	3.34E+02	9.04E+00	3.31E+02
44.8	77.60	3.35	3.35E+02	9.07E+00	3.32E+02
44.9	77.52	3.35	3.37E+02	9.10E+00	3.33E+02
45.0	77.43	3.34	3.38E+02	9.13E+00	3.34E+02
45.1	77.35	3.34	3.39E+02	9.15E+00	3.35E+02
45.2	77.26	3.34	3.40E+02	9.18E+00	3.37E+02
45.3	77.18	3.33	3.41E+02	9.21E+00	3.38E+02
45.4	77.10	3.33	3.42E+02	9.24E+00	3.39E+02
45.5	77.02	3.33	3.43E+02	9.27E+00	3.40E+02
45.6	76.94	3.32	3.44E+02	9.30E+00	3.41E+02
45.7	76.86	3.32	3.45E+02	9.33E+00	3.42E+02
45.8	76.78	3.32	3.46E+02	9.36E+00	3.43E+02
45.9	76.71	3.31	3.47E+02	9.39E+00	3.44E+02
46.0	76.63	3.30	3.48E+02	9.42E+00	3.45E+02
46.1	76.56	3.30	3.50E+02	9.45E+00	3.46E+02
46.2	76.48	3.30	3.51E+02	9.48E+00	3.47E+02
46.3	76.41	3.29	3.52E+02	9.51E+00	3.48E+02
46.4	76.34	3.29	3.53E+02	9.54E+00	3.49E+02
46.5	76.26	3.29	3.54E+02	9.57E+00	3.51E+02
46.6	76.19	3.29	3.55E+02	9.59E+00	3.52E+02
46.7	76.12	3.28	3.56E+02	9.62E+00	3.53E+02
46.8	76.05	3.28	3.57E+02	9.65E+00	3.54E+02
46.9	75.98	3.28	3.58E+02	9.68E+00	3.55E+02
47.0	75.92	3.27	3.59E+02	9.71E+00	3.56E+02
47.1	75.85	3.27	3.60E+02	9.74E+00	3.57E+02
47.2	75.78	3.27	3.62E+02	9.77E+00	3.58E+02
47.3	75.71	3.26	3.63E+02	9.80E+00	3.59E+02
47.4	75.65	3.26	3.64E+02	9.83E+00	3.60E+02
47.5	75.58	3.26	3.65E+02	9.86E+00	3.61E+02
47.6	75.52	3.26	3.66E+02	9.89E+00	3.62E+02
47.7	75.45	3.25	3.67E+02	9.92E+00	3.64E+02
47.8	75.39	3.25	3.68E+02	9.95E+00	3.65E+02
47.9	75.33	3.25	3.69E+02	9.98E+00	3.66E+02
48.0	75.26	3.23	3.70E+02	1.00E+01	3.67E+02
48.1	75.20	3.23	3.71E+02	1.00E+01	3.68E+02
48.2	75.14	3.23	3.73E+02	1.01E+01	3.69E+02
48.3	75.08	3.23	3.74E+02	1.01E+01	3.70E+02
48.4	75.02	3.22	3.75E+02	1.01E+01	3.71E+02
48.5	74.96	3.22	3.76E+02	1.02E+01	3.72E+02
48.6	74.90	3.22	3.77E+02	1.02E+01	3.73E+02
48.7	74.84	3.22	3.78E+02	1.02E+01	3.74E+02
48.8	74.78	3.21	3.79E+02	1.02E+01	3.76E+02
48.9	74.72	3.21	3.80E+02	1.03E+01	3.77E+02
49.0	74.66	3.20	3.81E+02	1.03E+01	3.78E+02
49.1	74.60	3.20	3.82E+02	1.03E+01	3.79E+02
49.2	74.55	3.20	3.84E+02	1.04E+01	3.80E+02
49.3	74.49	3.20	3.85E+02	1.04E+01	3.81E+02
49.4	74.43	3.19	3.86E+02	1.04E+01	3.82E+02
49.5	74.37	3.19	3.87E+02	1.05E+01	3.83E+02
49.6	74.32	3.19	3.88E+02	1.05E+01	3.84E+02
49.7	74.26	3.19	3.89E+02	1.05E+01	3.85E+02
49.8	74.21	3.18	3.90E+02	1.05E+01	3.87E+02
49.9	74.15	3.18	3.91E+02	1.06E+01	3.88E+02
50.0	74.09	3.18	3.92E+02	1.06E+01	3.89E+02
50.1	74.04	3.17	3.94E+02	1.06E+01	3.90E+02
50.2	73.98	3.17	3.95E+02	1.07E+01	3.91E+02
50.3	73.93	3.17	3.96E+02	1.07E+01	3.92E+02
50.4	73.87	3.17	3.97E+02	1.07E+01	3.93E+02
50.5	73.82	3.16	3.98E+02	1.08E+01	3.94E+02
50.6	73.77	3.16	3.99E+02	1.08E+01	3.95E+02
50.7	73.71	3.16	4.00E+02	1.08E+01	3.96E+02
50.8	73.66	3.16	4.01E+02	1.08E+01	3.98E+02
50.9	73.61	3.15	4.03E+02	1.09E+01	3.99E+02
51.0	73.55	3.15	4.04E+02	1.09E+01	4.00E+02
51.1	73.50	3.15	4.05E+02	1.09E+01	4.01E+02
51.2	73.45	3.15	4.06E+02	1.10E+01	4.02E+02
51.3	73.40	3.15	4.07E+02	1.10E+01	4.03E+02
51.4	73.34	3.14	4.08E+02	1.10E+01	4.04E+02
51.5	73.29	3.14	4.09E+02	1.11E+01	4.05E+02
51.6	73.24	3.14	4.10E+02	1.11E+01	4.06E+02
51.7	73.19	3.14	4.11E+02	1.11E+01	4.08E+02
51.8	73.14	3.13	4.13E+02	1.12E+01	4.09E+02
51.9	73.09	3.13	4.14E+02	1.12E+01	4.10E+02
52.0	73.04	3.13	4.15E+02	1.12E+01	4.11E+02
52.1	72.98	3.13	4.16E+02	1.12E+01	4.12E+02
52.2	72.93	3.13	4.17E+02	1.13E+01	4.13E+02
52.3	72.88	3.12	4.18E+02	1.13E+01	4.14E+02
52.4	72.83	3.12	4.19E+02	1.13E+01	4.15E+02
52.5	72.78	3.12	4.21E+02	1.14E+01	4.17E+02
52.6	72.73	3.12	4.22E+02	1.14E+01	4.18E+02
52.7	72.68	3.12	4.23E+02	1.14E+01	4.19E+02
52.8	72.63	3.11	4.24E+02	1.15E+01	4.20E+02
52.9	72.59	3.11	4.25E+02	1.15E+01	4.21E+02
53.0	72.54	3.11	4.26E+02	1.15E+01	4.22E+02
53.1	72.49	3.11	4.27E+02	1.15E+01	4.23E+02
53.2	72.44	3.10	4.28E+02	1.16E+01	4.24E+02
53.3	72.39	3.10	4.30E+02	1.16E+01	4.26E+02
53.4	72.34	3.10	4.31E+02	1.16E+01	4.27E+02
53.5	72.29	3.10	4.32E+02	1.17E+01	4.28E+02
53.6	72.24	3.10	4.33E+02	1.17E+01	4.29E+02
53.7	72.20	3.09	4.34E+02	1.17E+01	4.30E+02
53.8	72.15	3.09	4.35E+02	1.18E+01	4.31E+02
53.9	72.10	3.09	4.36E+02	1.18E+01	4.32E+02
54.0	72.05	3.09	4.38E+02	1.18E+01	4.33E+02
54.1	72.00	3.09	4.39E+02	1.19E+01	4.35E+02
54.2	71.96	3.08	4.40E+02	1.19E+01	4.36E+02
54.3	71.91	3.08	4.41E+02	1.19E+01	4.37E+02
54.4	71.86	3.08	4.42E+02	1.20E+01	4.38E+02
54.5	71.81	3.08	4.43E+02	1.20E+01	4.39E+02
54.6	71.77	3.08	4.45E+02	1.20E+01	4.40E+02
54.7	71.72	3.07	4.46E+02	1.20E+01	4.41E+02
54.8	71.67	3.07	4.47E+02	1.21E+01	4.43E+02
54.9	71.63	3.07	4.48E+02	1.21E+01	4.44E+02
55.0	71.58	3.07	4.49E+02	1.21E+01	4.45E+02
55.1	71.53	3.06	4.50E+02	1.22E+01	4.46E+02
55.2	71.49	3.06	4.51E+02	1.22E+01	4.47E+02
55.3	71.44	3.06	4.53E+02	1.22E+01	4.48E+02
55.4	71.39	3.06	4.54E+02	1.23E+01	4.49E+02
55.5	71.35	3.06	4.55E+02	1.23E+01	4.51E+02
55.6	71.30	3.05	4.56E+02	1.23E+01	4.52E+02
55.7	71.26	3.05	4.57E+02	1.24E+01	4.53E+02
55.8	71.21	3.05	4.58E+02	1.24E+01	4.54E+02
55.9	71.16	3.05	4.60E+02	1.24E+01	4.55E+02
56.0	71.12	3.05	4.61E+02	1.25E+01	4.56E+02
56.1	71.07	3.04	4.62E+02	1.25E+01	4.57E+02
56.2	71.03	3.04	4.63E+02	1.25E+01	4.59E+02
56.3	70.98	3.04	4.64E+02	1.25E+01	4.60E+02
56.4	70.93	3.04	4.65E+02	1.26E+01	4.61E+02
56.5	70.89	3.04	4.66E+02	1.26E+01	4.62E+02
56.6	70.84	3.03	4.68E+02	1.26E+01	4.63E+02
56.7	70.80	3.03	4.69E+02	1.27E+01	4.64E+02
56.8	70.75	3.03	4.70E+02	1.27E+01	4.66E+02
56.9	70.71	3.03	4.71E+02	1.27E+01	4.67E+02
57.0	70.66	3.03	4.72E+02	1.28E+01	4.68E+02
57.1	70.62	3.02	4.73E+02	1.28E+01	4.69E+02
57.2	70.57	3.02	4.75E+02	1.28E+01	4.70E+02
57.3	70.53	3.02	4.76E+02	1.29E+01	4.71E+02
57.4	70.48	3.02	4.77E+02	1.29E+01	4.72E+02
57.5	70.44	3.02	4.78E+02	1.29E+01	4.74E+02
57.6	70.39	3.01	4.79E+02	1.30E+01	4.75E+02
57.7	70.35	3.01	4.81E+02	1.30E+01	4.76E+02
57.8	70.30	3.01	4.82E+02	1.30E+01	4.77E+02
57.9	70.26	3.01	4.83E+02	1.31E+01	4.78E+02
58.0	70.22	3.01	4.84E+02	1.31E+01	4.79E+02
58.1	70.17	3.01	4.85E+02	1.31E+01	4.81E+02
58.2	70.13	3.00	4.86E+02	1.31E+01	4.82E+02
58.3	70.08	3.00	4.88E+02	1.32E+01	4.83E+02
58.4	70.04	3.00	4.89E+02	1.32E+01	4.84E+02
58.5	69.99	3.00	4.90E+02	1.32E+01	4.85E+02
58.6	69.95	3.00	4.91E+02	1.33E+01	4.86E+02
58.7	69.91	2.99	4.92E+02	1.33E+01	4.88E+02
58.8	69.86	2.99	4.94E+02	1.33E+01	4.89E+02
58.9	69.82	2.99	4.95E+02	1.34E+01	4.90E+02
59.0	69.78	2.99	4.96E+02	1.34E+01	4.91E+02
59.1	69.73	2.99	4.97E+02	1.34E+01	4.92E+02
59.2	69.69	2.98	4.98E+02	1.35E+01	4.93E+02
59.3	69.65	2.98	4.99E+02	1.35E+01	4.95E+02
59.4	69.60	2.98	5.01E+02	1.35E+01	4.96E+02
59.5	69.56	2.98	5.02E+02	1.36E+01	4.97E+02
59.6	69.52	2.98	5.03E+02	1.36E+01	4.98E+02
59.7	69.47	2.98	5.04E+02	1.36E+01	4.99E+02
59.8	69.43	2.97	5.05E+02	1.37E+01	5.01E+02
59.9	69.39	2.97	5.07E+02	1.37E+01	5.02E+02
60.0	69.34	2.98	5.08E+02	1.37E+01	5.03E+02
60.1	69.30	2.98	5.09E+02	1.38E+01	5.04E+02
60.2	69.26	2.98	5.10E+02	1.38E+01	5.05E+02
60.3	69.21	2.97	5.11E+02	1.38E+01	5.06E+02
60.4	69.17	2.97	5.13E+02	1.39E+01	5.08E+02
60.5	69.13	2.97	5.14E+02	1.39E+01	5.09E+02
60.6	69.09	2.97	5.15E+02	1.39E+01	5.10E+02
60.7	69.04	2.97	5.16E+02	1.39E+01	5.11E+02
60.8	69.00	2.97	5.17E+02	1.40E+01	5.12E+02
60.9	68.96	2.96	5.19E+02	1.40E+01	5.14E+02
61.0	68.92	2.96	5.20E+02	1.40E+01	5.15E+02
61.1	68.87	2.96	5.21E+02	1.41E+01	5.16E+02
61.2	68.83	2.96	5.22E+02	1.41E+01	5.17E+02
61.3	68.79	2.96	5.23E+02	1.41E+01	5.18E+02
61.4	68.75	2.95	5.25E+02	1.42E+01	5.20E+02
61.5	68.71	2.95	5.26E+02	1.42E+01	5.21E+02
61.6	68.66	2.95	5.27E+02	1.42E+01	5.22E+02
61.7	68.62	2.95	5.28E+02	1.43E+01	5.23E+02
61.8	68.58	2.95	5.29E+02	1.43E+01	5.24E+02
61.9	68.54	2.95	5.31E+02	1.43E+01	5.26E+02
62.0	68.50	2.94	5.32E+02	1.44E+01	5.27E+02
62.1	68.46	2.94	5.33E+02	1.44E+01	5.28E+02
62.2	68.41	2.94	5.34E+02	1.44E+01	5.29E+02
62.3	68.37	2.94	5.35E+02	1.45E+01	5.30E+02
62.4	68.33	2.94	5.37E+02	1.45E+01	5.32E+02
62.5	68.29	2.93	5.38E+02	1.45E+01	5.33E+02
62.6	68.25	2.93	5.39E+02	1.46E+01	5.34E+02
62.7	68.21	2.93	5.40E+02	1.46E+01	5.35E+02
62.8	68.17	2.93	5.41E+02	1.46E+01	5.36E+02
62.9	68.12	2.93	5.43E+02	1.47E+01	5.38E+02
63.0	68.08	2.93	5.44E+02	1.47E+01	5.39E+02
63.1	68.04	2.92	5.45E+02	1.47E+01	5.40E+02
63.2	68.00	2.92	5.46E+02	1.48E+01	5.41E+02
63.3	67.96	2.92	5.48E+02	1.48E+01	5.42E+02
63.4	67.92	2.92	5.49E+02	1.48E+01	5.44E+02
63.5	67.88	2.92	5.50E+02	1.49E+01	5.45E+02
63.6	67.84	2.92	5.51E+02	1.49E+01	5.46E+02
63.7	67.80	2.91	5.52E+02	1.49E+01	5.47E+02
63.8	67.76	2.91	5.54E+02	1.50E+01	5.48E+02
63.9	67.72	2.91	5.55E+02	1.50E+01	5.50E+02
64.0	67.68	2.91	5.56E+02	1.50E+01	5.51E+02
64.1	67.64	2.91	5.57E+02	1.51E+01	5.52E+02
64.2	67.60	2.90	5.59E+02	1.51E+01	5.53E+02
64.3	67.56	2.90	5.60E+02	1.51E+01	5.54E+02
64.4	67.51	2.90	5.61E+02	1.52E+01	5.56E+02
64.5	67.47	2.90	5.62E+02	1.52E+01	5.57E+02
64.6	67.43	2.90	5.63E+02	1.52E+01	5.58E+02
64.7	67.39	2.90	5.65E+02	1.53E+01	5.59E+02
64.8	67.35	2.89	5.66E+02	1.53E+01	5.61E+02
64.9	67.31	2.89	5.67E+02	1.53E+01	5.62E+02
65.0	67.28	2.91	5.68E+02	1.54E+01	5.63E+02
65.1	67.24	2.91	5.70E+02	1.54E+01	5.64E+02
65.2	67.20	2.91	5.71E+02	1.54E+01	5.65E+02
65.3	67.16	2.91	5.72E+02	1.55E+01	5.67E+02
65.4	67.12	2.91	5.73E+02	1.55E+01	5.68E+02
65.5	67.08	2.90	5.75E+02	1.55E+01	5.69E+02
65.6	67.04	2.90	5.76E+02	1.56E+01	5.70E+02
65.7	67.00	2.90	5.77E+02	1.56E+01	5.72E+02
65.8	66.96	2.90	5.78E+02	1.56E+01	5.73E+02
65.9	66.92	2.90	5.80E+02	1.57E+01	5.74E+02
66.0	66.88	2.90	5.81E+02	1.57E+01	5.75E+02
66.1	66.84	2.89	5.82E+02	1.57E+01	5.76E+02
66.2	66.80	2.89	5.83E+02	1.58E+01	5.78E+02
66.3	66.76	2.89	5.84E+02	1.58E+01	5.79E+02
66.4	66.72	2.89	5.86E+02	1.58E+01	5.80E+02
66.5	66.68	2.89	5.87E+02	1.59E+01	5.81E+02
66.6	66.65	2.89	5.88E+02	1.59E+01	5.83E+02
66.7	66.61	2.88	5.89E+02	1.59E+01	5.84E+02
66.8	66.57	2.88	5.91E+02	1.60E+01	5.85E+02
66.9	66.53	2.88	5.92E+02	1.60E+01	5.86E+02
67.0	66.49	2.88	5.93E+02	1.60E+01	5.88E+02
67.1	66.45	2.88	5.94E+02	1.61E+01	5.89E+02
67.2	66.41	2.88	5.96E+02	1.61E+01	5.90E+02
67.3	66.38	2.87	5.97E+02	1.61E+01	5.91E+02
67.4	66.34	2.87	5.98E+02	1.62E+01	5.92E+02
67.5	66.30	2.87	5.99E+02	1.62E+01	5.94E+02
67.6	66.26	2.87	6.01E+02	1.62E+01	5.95E+02
67.7	66.22	2.87	6.02E+02	1.63E+01	5.96E+02
67.8	66.18	2.87	6.03E+02	1.63E+01	5.97E+02
67.9	66.15	2.86	6.04E+02	1.63E+01	5.99E+02
68.0	66.11	2.86	6.06E+02	1.64E+01	6.00E+02
68.1	66.07	2.86	6.07E+02	1.64E+01	6.01E+02
68.2	66.03	2.86	6.08E+02	1.64E+01	6.02E+02
68.3	65.99	2.86	6.09E+02	1.65E+01	6.04E+02
68.4	65.96	2.86	6.11E+02	1.65E+01	6.05E+02
68.5	65.92	2.85	6.12E+02	1.65E+01	6.06E+02
68.6	65.88	2.85	6.13E+02	1.66E+01	6.07E+02
68.7	65.84	2.85	6.15E+02	1.66E+01	6.09E+02
68.8	65.81	2.85	6.16E+02	1.66E+01	6.10E+02
68.9	65.77	2.85	6.17E+02	1.67E+01	6.11E+02
69.0	65.73	2.85	6.18E+02	1.67E+01	6.12E+02
69.1	65.69	2.85	6.20E+02	1.67E+01	6.14E+02
69.2	65.66	2.84	6.21E+02	1.68E+01	6.15E+02
69.3	65.62	2.84	6.22E+02	1.68E+01	6.16E+02
69.4	65.58	2.84	6.23E+02	1.68E+01	6.17E+02
69.5	65.55	2.84	6.25E+02	1.69E+01	6.19E+02
69.6	65.51	2.84	6.26E+02	1.69E+01	6.20E+02
69.7	65.47	2.84	6.27E+02	1.70E+01	6.21E+02
69.8	65.43	2.83	6.28E+02	1.70E+01	6.22E+02
69.9	65.40	2.83	6.30E+02	1.70E+01	6.24E+02
70.0	65.36	2.86	6.31E+02	1.71E+01	6.25E+02
70.1	65.32	2.85	6.32E+02	1.71E+01	6.26E+02
70.2	65.29	2.85	6.34E+02	1.71E+01	6.27E+02
70.3	65.25	2.85	6.35E+02	1.72E+01	6.29E+02
70.4	65.21	2.85	6.36E+02	1.72E+01	6.30E+02
70.5	65.18	2.85	6.37E+02	1.72E+01	6.31E+02
70.6	65.14	2.85	6.39E+02	1.73E+01	6.33E+02
70.7	65.10	2.85	6.40E+02	1.73E+01	6.34E+02
70.8	65.07	2.84	6.41E+02	1.73E+01	6.35E+02
70.9	65.03	2.84	6.42E+02	1.74E+01	6.36E+02
71.0	65.00	2.84	6.44E+02	1.74E+01	6.38E+02
71.1	64.96	2.84	6.45E+02	1.74E+01	6.39E+02
71.2	64.92	2.84	6.46E+02	1.75E+01	6.40E+02
71.3	64.89	2.84	6.48E+02	1.75E+01	6.41E+02
71.4	64.85	2.83	6.49E+02	1.75E+01	6.43E+02
71.5	64.82	2.83	6.50E+02	1.76E+01	6.44E+02
71.6	64.78	2.83	6.51E+02	1.76E+01	6.45E+02
71.7	64.74	2.83	6.53E+02	1.76E+01	6.46E+02
71.8	64.71	2.83	6.54E+02	1.77E+01	6.48E+02
71.9	64.67	2.83	6.55E+02	1.77E+01	6.49E+02
72.0	64.64	2.82	6.57E+02	1.77E+01	6.50E+02
72.1	64.60	2.82	6.58E+02	1.78E+01	6.52E+02
72.2	64.57	2.82	6.59E+02	1.78E+01	6.53E+02
72.3	64.53	2.82	6.60E+02	1.78E+01	6.54E+02
72.4	64.49	2.82	6.62E+02	1.79E+01	6.55E+02
72.5	64.46	2.82	6.63E+02	1.79E+01	6.57E+02
72.6	64.42	2.82	6.64E+02	1.80E+01	6.58E+02
72.7	64.39	2.81	6.66E+02	1.80E+01	6.59E+02
72.8	64.35	2.81	6.67E+02	1.80E+01	6.60E+02
72.9	64.32	2.81	6.68E+02	1.81E+01	6.62E+02
73.0	64.28	2.81	6.69E+02	1.81E+01	6.63E+02
73.1	64.25	2.81	6.71E+02	1.81E+01	6.64E+02
73.2	64.21	2.81	6.72E+02	1.82E+01	6.66E+02
73.3	64.18	2.80	6.73E+02	1.82E+01	6.67E+02
73.4	64.14	2.80	6.75E+02	1.82E+01	6.68E+02
73.5	64.11	2.80	6.76E+02	1.83E+01	6.69E+02
73.6	64.07	2.80	6.77E+02	1.83E+01	6.71E+02
73.7	64.04	2.80	6.78E+02	1.83E+01	6.72E+02
73.8	64.01	2.80	6.80E+02	1.84E+01	6.73E+02
73.9	63.97	2.80	6.81E+02	1.84E+01	6.75E+02
74.0	63.94	2.79	6.82E+02	1.84E+01	6.76E+02
74.1	63.90	2.79	6.84E+02	1.85E+01	6.77E+02
74.2	63.87	2.79	6.85E+02	1.85E+01	6.78E+02
74.3	63.83	2.79	6.86E+02	1.85E+01	6.80E+02
74.4	63.80	2.79	6.88E+02	1.86E+01	6.81E+02
74.5	63.76	2.79	6.89E+02	1.86E+01	6.82E+02
74.6	63.73	2.79	6.90E+02	1.87E+01	6.84E+02
74.7	63.70	2.78	6.91E+02	1.87E+01	6.85E+02
74.8	63.66	2.78	6.93E+02	1.87E+01	6.86E+02
74.9	63.63	2.78	6.94E+02	1.88E+01	6.87E+02
75.0	63.60	2.81	6.95E+02	1.88E+01	6.89E+02
75.1	63.56	2.81	6.97E+02	1.88E+01	6.90E+02
75.2	63.53	2.81	6.98E+02	1.89E+01	6.91E+02
75.3	63.49	2.80	6.99E+02	1.89E+01	6.93E+02
75.4	63.46	2.80	7.01E+02	1.89E+01	6.94E+02
75.5	63.43	2.80	7.02E+02	1.90E+01	6.95E+02
75.6	63.39	2.80	7.03E+02	1.90E+01	6.97E+02
75.7	63.36	2.80	7.05E+02	1.90E+01	6.98E+02
75.8	63.33	2.80	7.06E+02	1.91E+01	6.99E+02
75.9	63.29	2.79	7.07E+02	1.91E+01	7.00E+02
76.0	63.26	2.79	7.09E+02	1.91E+01	7.02E+02
76.1	63.23	2.79	7.10E+02	1.92E+01	7.03E+02
76.2	63.19	2.79	7.11E+02	1.92E+01	7.04E+02
76.3	63.16	2.79	7.12E+02	1.93E+01	7.06E+02
76.4	63.13	2.79	7.14E+02	1.93E+01	7.07E+02
76.5	63.09	2.79	7.15E+02	1.93E+01	7.08E+02
76.6	63.06	2.78	7.16E+02	1.94E+01	7.10E+02
76.7	63.03	2.78	7.18E+02	1.94E+01	7.11E+02
76.8	63.00	2.78	7.19E+02	1.94E+01	7.12E+02
76.9	62.96	2.78	7.20E+02	1.95E+01	7.13E+02
77.0	62.93	2.78	7.22E+02	1.95E+01	7.15E+02
77.1	62.90	2.78	7.23E+02	1.95E+01	7.16E+02
77.2	62.86	2.78	7.24E+02	1.96E+01	7.17E+02
77.3	62.83	2.77	7.26E+02	1.96E+01	7.19E+02
77.4	62.80	2.77	7.27E+02	1.96E+01	7.20E+02
77.5	62.77	2.77	7.28E+02	1.97E+01	7.21E+02
77.6	62.73	2.77	7.30E+02	1.97E+01	7.23E+02
77.7	62.70	2.77	7.31E+02	1.98E+01	7.24E+02
77.8	62.67	2.77	7.32E+02	1.98E+01	7.25E+02
77.9	62.64	2.77	7.34E+02	1.98E+01	7.27E+02
78.0	62.61	2.76	7.35E+02	1.99E+01	7.28E+02
78.1	62.57	2.76	7.36E+02	1.99E+01	7.29E+02
78.2	62.54	2.76	7.38E+02	1.99E+01	7.31E+02
78.3	62.51	2.76	7.39E+02	2.00E+01	7.32E+02
78.4	62.48	2.76	7.40E+02	2.00E+01	7.33E+02
78.5	62.45	2.76	7.42E+02	2.00E+01	7.34E+02
78.6	62.41	2.76	7.43E+02	2.01E+01	7.36E+02
78.7	62.38	2.75	7.44E+02	2.01E+01	7.37E+02
78.8	62.35	2.75	7.46E+02	2.01E+01	7.38E+02
78.9	62.32	2.75	7.47E+02	2.02E+01	7.40E+02
79.0	62.29	2.75	7.48E+02	2.02E+01	7.41E+02
79.1	62.26	2.75	7.50E+02	2.03E+01	7.42E+02
79.2	62.22	2.75	7.51E+02	2.03E+01	7.44E+02
79.3	62.19	2.75	7.52E+02	2.03E+01	7.45E+02
79.4	62.16	2.74	7.54E+02	2.04E+01	7.46E+02
79.5	62.13	2.74	7.55E+02	2.04E+01	7.48E+02
79.6	62.10	2.74	7.56E+02	2.04E+01	7.49E+02
79.7	62.07	2.74	7.58E+02	2.05E+01	7.50E+02
79.8	62.04	2.74	7.59E+02	2.05E+01	7.52E+02
79.9	62.01	2.74	7.60E+02	2.05E+01	7.53E+02
80.0	61.97	2.77	7.62E+02	2.06E+01	7.54E+02
80.1	61.94	2.77	7.63E+02	2.06E+01	7.56E+02
80.2	61.91	2.77	7.64E+02	2.07E+01	7.57E+02
80.3	61.88	2.77	7.66E+02	2.07E+01	7.58E+02
80.4	61.85	2.77	7.67E+02	2.07E+01	7.60E+02
80.5	61.82	2.77	7.68E+02	2.08E+01	7.61E+02
80.6	61.79	2.77	7.70E+02	2.08E+01	7.62E+02
80.7	61.76	2.76	7.71E+02	2.08E+01	7.64E+02
80.8	61.73	2.76	7.72E+02	2.09E+01	7.65E+02
80.9	61.70	2.76	7.74E+02	2.09E+01	7.66E+02
81.0	61.67	2.76	7.75E+02	2.09E+01	7.68E+02
81.1	61.64	2.76	7.76E+02	2.10E+01	7.69E+02
81.2	61.61	2.76	7.78E+02	2.10E+01	7.70E+02
81.3	61.58	2.76	7.79E+02	2.11E+01	7.72E+02
81.4	61.54	2.76	7.80E+02	2.11E+01	7.73E+02
81.5	61.51	2.75	7.82E+02	2.11E+01	7.74E+02
81.6	61.48	2.75	7.83E+02	2.12E+01	7.76E+02
81.7	61.45	2.75	7.84E+02	2.12E+01	7.77E+02
81.8	61.42	2.75	7.86E+02	2.12E+01	7.78E+02
81.9	61.39	2.75	7.87E+02	2.13E+01	7.80E+02
82.0	61.36	2.75	7.88E+02	2.13E+01	7.81E+02
82.1	61.33	2.75	7.90E+02	2.13E+01	7.82E+02
82.2	61.30	2.74	7.91E+02	2.14E+01	7.84E+02
82.3	61.27	2.74	7.92E+02	2.14E+01	7.85E+02
82.4	61.24	2.74	7.94E+02	2.15E+01	7.86E+02
82.5	61.21	2.74	7.95E+02	2.15E+01	7.88E+02
82.6	61.19	2.74	7.96E+02	2.15E+01	7.89E+02
82.7	61.16	2.74	7.98E+02	2.16E+01	7.90E+02
82.8	61.13	2.74	7.99E+02	2.16E+01	7.92E+02
82.9	61.10	2.74	8.01E+02	2.16E+01	7.93E+02
83.0	61.07	2.73	8.02E+02	2.17E+01	7.94E+02
83.1	61.04	2.73	8.03E+02	2.17E+01	7.96E+02
83.2	61.01	2.73	8.05E+02	2.17E+01	7.97E+02
83.3	60.98	2.73	8.06E+02	2.18E+01	7.98E+02
83.4	60.95	2.73	8.07E+02	2.18E+01	8.00E+02
83.5	60.92	2.73	8.09E+02	2.19E+01	8.01E+02
83.6	60.89	2.73	8.10E+02	2.19E+01	8.02E+02
83.7	60.86	2.72	8.11E+02	2.19E+01	8.04E+02
83.8	60.83	2.72	8.13E+02	2.20E+01	8.05E+02
83.9	60.80	2.72	8.14E+02	2.20E+01	8.06E+02
84.0	60.77	2.72	8.15E+02	2.20E+01	8.08E+02
84.1	60.75	2.72	8.17E+02	2.21E+01	8.09E+02
84.2	60.72	2.72	8.18E+02	2.21E+01	8.10E+02
84.3	60.69	2.72	8.20E+02	2.21E+01	8.12E+02
84.4	60.66	2.72	8.21E+02	2.22E+01	8.13E+02
84.5	60.63	2.71	8.22E+02	2.22E+01	8.14E+02
84.6	60.60	2.71	8.24E+02	2.23E+01	8.16E+02
84.7	60.57	2.71	8.25E+02	2.23E+01	8.17E+02
84.8	60.54	2.71	8.26E+02	2.23E+01	8.18E+02
84.9	60.52	2.71	8.28E+02	2.24E+01	8.20E+02
85.0	60.49	2.75	8.29E+02	2.24E+01	8.21E+02
85.1	60.46	2.75	8.30E+02	2.24E+01	8.23E+02
85.2	60.43	2.75	8.32E+02	2.25E+01	8.24E+02
85.3	60.40	2.75	8.33E+02	2.25E+01	8.25E+02
85.4	60.37	2.74	8.35E+02	2.26E+01	8.27E+02
85.5	60.35	2.74	8.36E+02	2.26E+01	8.28E+02
85.6	60.32	2.74	8.37E+02	2.26E+01	8.29E+02
85.7	60.29	2.74	8.39E+02	2.27E+01	8.31E+02
85.8	60.26	2.74	8.40E+02	2.27E+01	8.32E+02
85.9	60.23	2.74	8.41E+02	2.27E+01	8.33E+02
86.0	60.21	2.74	8.43E+02	2.28E+01	8.35E+02
86.1	60.18	2.74	8.44E+02	2.28E+01	8.36E+02
86.2	60.15	2.73	8.45E+02	2.29E+01	8.37E+02
86.3	60.12	2.73	8.47E+02	2.29E+01	8.39E+02
86.4	60.09	2.73	8.48E+02	2.29E+01	8.40E+02
86.5	60.07	2.73	8.50E+02	2.30E+01	8.41E+02
86.6	60.04	2.73	8.51E+02	2.30E+01	8.43E+02
86.7	60.01	2.73	8.52E+02	2.30E+01	8.44E+02
86.8	59.98	2.73	8.54E+02	2.31E+01	8.46E+02
86.9	59.96	2.73	8.55E+02	2.31E+01	8.47E+02
87.0	59.93	2.72	8.56E+02	2.31E+01	8.48E+02
87.1	59.90	2.72	8.58E+02	2.32E+01	8.50E+02
87.2	59.87	2.72	8.59E+02	2.32E+01	8.51E+02
87.3	59.85	2.72	8.61E+02	2.33E+01	8.52E+02
87.4	59.82	2.72	8.62E+02	2.33E+01	8.54E+02
87.5	59.79	2.72	8.63E+02	2.33E+01	8.55E+02
87.6	59.77	2.72	8.65E+02	2.34E+01	8.56E+02
87.7	59.74	2.72	8.66E+02	2.34E+01	8.58E+02
87.8	59.71	2.71	8.67E+02	2.34E+01	8.59E+02
87.9	59.68	2.71	8.69E+02	2.35E+01	8.61E+02
88.0	59.66	2.71	8.70E+02	2.35E+01	8.62E+02
88.1	59.63	2.71	8.72E+02	2.36E+01	8.63E+02
88.2	59.60	2.71	8.73E+02	2.36E+01	8.65E+02
88.3	59.58	2.71	8.74E+02	2.36E+01	8.66E+02
88.4	59.55	2.71	8.76E+02	2.37E+01	8.67E+02
88.5	59.52	2.71	8.77E+02	2.37E+01	8.69E+02
88.6	59.50	2.70	8.78E+02	2.37E+01	8.70E+02
88.7	59.47	2.70	8.80E+02	2.38E+01	8.71E+02
88.8	59.44	2.70	8.81E+02	2.38E+01	8.73E+02
88.9	59.42	2.70	8.83E+02	2.39E+01	8.74E+02
89.0	59.39	2.70	8.84E+02	2.39E+01	8.76E+02
89.1	59.36	2.70	8.85E+02	2.39E+01	8.77E+02
89.2	59.34	2.70	8.87E+02	2.40E+01	8.78E+02
89.3	59.31	2.70	8.88E+02	2.40E+01	8.80E+02
89.4	59.28	2.69	8.90E+02	2.40E+01	8.81E+02
89.5	59.26	2.69	8.91E+02	2.41E+01	8.82E+02
89.6	59.23	2.69	8.92E+02	2.41E+01	8.84E+02
89.7	59.20	2.69	8.94E+02	2.42E+01	8.85E+02
89.8	59.18	2.69	8.95E+02	2.42E+01	8.87E+02
89.9	59.15	2.69	8.96E+02	2.42E+01	8.88E+02
90.0	59.13	2.75	8.98E+02	2.43E+01	8.89E+02
90.1	59.10	2.74	8.99E+02	2.43E+01	8.91E+02
90.2	59.07	2.74	9.01E+02	2.43E+01	8.92E+02
90.3	59.05	2.74	9.02E+02	2.44E+01	8.93E+02
90.4	59.02	2.74	9.03E+02	2.44E+01	8.95E+02
90.5	59.00	2.74	9.05E+02	2.45E+01	8.96E+02
90.6	58.97	2.74	9.06E+02	2.45E+01	8.97E+02
90.7	58.94	2.74	9.08E+02	2.45E+01	8.99E+02
90.8	58.92	2.74	9.09E+02	2.46E+01	9.00E+02
90.9	58.89	2.74	9.10E+02	2.46E+01	9.02E+02
91.0	58.87	2.73	9.12E+02	2.46E+01	9.03E+02
91.1	58.84	2.73	9.13E+02	2.47E+01	9.04E+02
91.2	58.82	2.73	9.14E+02	2.47E+01	9.06E+02
91.3	58.79	2.73	9.16E+02	2.48E+01	9.07E+02
91.4	58.76	2.73	9.17E+02	2.48E+01	9.08E+02
91.5	58.74	2.73	9.19E+02	2.48E+01	9.10E+02
91.6	58.71	2.73	9.20E+02	2.49E+01	9.11E+02
91.7	58.69	2.73	9.21E+02	2.49E+01	9.13E+02
91.8	58.66	2.72	9.23E+02	2.49E+01	9.14E+02
91.9	58.64	2.72	9.24E+02	2.50E+01	9.15E+02
92.0	58.61	2.72	9.26E+02	2.50E+01	9.17E+02
92.1	58.59	2.72	9.27E+02	2.51E+01	9.18E+02
92.2	58.56	2.72	9.28E+02	2.51E+01	9.20E+02
92.3	58.54	2.72	9.30E+02	2.51E+01	9.21E+02
92.4	58.51	2.72	9.31E+02	2.52E+01	9.22E+02
92.5	58.49	2.72	9.33E+02	2.52E+01	9.24E+02
92.6	58.46	2.72	9.34E+02	2.52E+01	9.25E+02
92.7	58.44	2.71	9.35E+02	2.53E+01	9.26E+02
92.8	58.41	2.71	9.37E+02	2.53E+01	9.28E+02
92.9	58.39	2.71	9.38E+02	2.54E+01	9.29E+02
93.0	58.36	2.71	9.40E+02	2.54E+01	9.31E+02
93.1	58.34	2.71	9.41E+02	2.54E+01	9.32E+02
93.2	58.31	2.71	9.42E+02	2.55E+01	9.33E+02
93.3	58.29	2.71	9.44E+02	2.55E+01	9.35E+02
93.4	58.26	2.71	9.45E+02	2.55E+01	9.36E+02
93.5	58.24	2.70	9.46E+02	2.56E+01	9.37E+02
93.6	58.22	2.70	9.48E+02	2.56E+01	9.39E+02
93.7	58.19	2.70	9.49E+02	2.57E+01	9.40E+02
93.8	58.17	2.70	9.51E+02	2.57E+01	9.42E+02
93.9	58.14	2.70	9.52E+02	2.57E+01	9.43E+02
94.0	58.12	2.70	9.53E+02	2.58E+01	9.44E+02
94.1	58.09	2.70	9.55E+02	2.58E+01	9.46E+02
94.2	58.07	2.70	9.56E+02	2.58E+01	9.47E+02
94.3	58.05	2.70	9.58E+02	2.59E+01	9.48E+02
94.4	58.02	2.69	9.59E+02	2.59E+01	9.50E+02
94.5	58.00	2.69	9.60E+02	2.60E+01	9.51E+02
94.6	57.97	2.69	9.62E+02	2.60E+01	9.53E+02
94.7	57.95	2.69	9.63E+02	2.60E+01	9.54E+02
94.8	57.93	2.69	9.65E+02	2.61E+01	9.55E+02
94.9	57.90	2.69	9.66E+02	2.61E+01	9.57E+02
95.0	57.88	2.76	9.67E+02	2.61E+01	9.58E+02
95.1	57.85	2.76	9.69E+02	2.62E+01	9.59E+02
95.2	57.83	2.76	9.70E+02	2.62E+01	9.61E+02
95.3	57.81	2.76	9.72E+02	2.63E+01	9.62E+02
95.4	57.78	2.76	9.73E+02	2.63E+01	9.64E+02
95.5	57.76	2.76	9.74E+02	2.63E+01	9.65E+02
95.6	57.74	2.75	9.76E+02	2.64E+01	9.66E+02
95.7	57.71	2.75	9.77E+02	2.64E+01	9.68E+02
95.8	57.69	2.75	9.78E+02	2.64E+01	9.69E+02
95.9	57.67	2.75	9.80E+02	2.65E+01	9.71E+02
96.0	57.64	2.75	9.81E+02	2.65E+01	9.72E+02
96.1	57.62	2.75	9.83E+02	2.66E+01	9.73E+02
96.2	57.60	2.75	9.84E+02	2.66E+01	9.75E+02
96.3	57.57	2.75	9.85E+02	2.66E+01	9.76E+02
96.4	57.55	2.75	9.87E+02	2.67E+01	9.77E+02
96.5	57.53	2.74	9.88E+02	2.67E+01	9.79E+02
96.6	57.50	2.74	9.90E+02	2.67E+01	9.80E+02
96.7	57.48	2.74	9.91E+02	2.68E+01	9.82E+02
96.8	57.46	2.74	9.92E+02	2.68E+01	9.83E+02
96.9	57.43	2.74	9.94E+02	2.69E+01	9.84E+02
97.0	57.41	2.74	9.95E+02	2.69E+01	9.86E+02
97.1	57.39	2.74	9.97E+02	2.69E+01	9.87E+02
97.2	57.37	2.74	9.98E+02	2.70E+01	9.88E+02
97.3	57.34	2.74	9.99E+02	2.70E+01	9.90E+02
97.4	57.32	2.73	1.00E+03	2.70E+01	9.91E+02
97.5	57.30	2.73	1.00E+03	2.71E+01	9.93E+02
97.6	57.27	2.73	1.00E+03	2.71E+01	9.94E+02
97.7	57.25	2.73	1.00E+03	2.72E+01	9.95E+02
97.8	57.23	2.73	1.01E+03	2.72E+01	9.97E+02
97.9	57.21	2.73	1.01E+03	2.72E+01	9.98E+02
98.0	57.18	2.73	1.01E+03	2.73E+01	9.99E+02
98.1	57.16	2.73	1.01E+03	2.73E+01	1.00E+03
98.2	57.14	2.73	1.01E+03	2.73E+01	1.00E+03
98.3	57.12	2.72	1.01E+03	2.74E+01	1.00E+03
98.4	57.09	2.72	1.01E+03	2.74E+01	1.00E+03
98.5	57.07	2.72	1.02E+03	2.75E+01	1.01E+03
98.6	57.05	2.72	1.02E+03	2.75E+01	1.01E+03
98.7	57.03	2.72	1.02E+03	2.75E+01	1.01E+03
98.8	57.00	2.72	1.02E+03	2.76E+01	1.01E+03
98.9	56.98	2.72	1.02E+03	2.76E+01	1.01E+03
99.0	56.96	2.72	1.02E+03	2.76E+01	1.01E+03
99.1	56.94	2.72	1.02E+03	2.77E+01	1.01E+03
99.2	56.91	2.72	1.03E+03	2.77E+01	1.02E+03
99.3	56.89	2.71	1.03E+03	2.78E+01	1.02E+03
99.4	56.87	2.71	1.03E+03	2.78E+01	1.02E+03
99.5	56.85	2.71	1.03E+03	2.78E+01	1.02E+03
99.6	56.82	2.71	1.03E+03	2.79E+01	1.02E+03
99.7	56.80	2.71	1.03E+03	2.79E+01	1.02E+03
99.8	56.78	2.71	1.03E+03	2.79E+01	1.02E+03
99.9	56.76	2.71	1.04E+03	2.80E+01	1.03E+03
100.0	56.73	2.80	1.04E+03	2.80E+01	1.03E+03
					
					
					
					
					
					
					
					
					
					
					
					
					
					
					
					
					
					
					
					
					
					
					
					
					
					
					
					
					
					
					
					
					
					
					
					
					
					
					
					
					
					
					
					
					
					
					
					
					
					
					
					
					
					
					
					
					
					
					
					
					
					
					
					
					
					
					
					
					
					
					
					
					
					
					
					
					
					
					
					
					
					
					
					
					
					
					
					
					
					
					
					
					
					
					
					
					
					
					
					
					
					
					
					
					
					
					
					
					
					
					
					
					
					
