natCu(p,x)58Co					
 					
					
	fit	fit			
Energy	Pade	Uncert.	Phys. yield	Phys. yield	1 h irrad.
MeV	mb	mb	(MBq/uAh)	(mCi/uAh)	(MBq/uA)
23.7	0.012	0.0005	2.07E-06	5.58E-08	2.07E-06
23.8	0.012	0.0005	4.18E-06	1.13E-07	4.18E-06
23.9	0.013	0.0005	6.41E-06	1.73E-07	6.41E-06
24.0	0.014	0.0098	8.87E-06	2.40E-07	8.87E-06
24.1	0.016	0.0114	1.17E-05	3.17E-07	1.17E-05
24.2	0.019	0.0137	1.52E-05	4.11E-07	1.52E-05
24.3	0.024	0.017	1.95E-05	5.27E-07	1.95E-05
24.4	0.030	0.021	2.49E-05	6.72E-07	2.49E-05
24.5	0.037	0.026	3.16E-05	8.53E-07	3.16E-05
24.6	0.046	0.033	3.99E-05	1.08E-06	3.99E-05
24.7	0.057	0.040	5.02E-05	1.36E-06	5.02E-05
24.8	0.069	0.049	6.28E-05	1.70E-06	6.27E-05
24.9	0.083	0.059	7.80E-05	2.11E-06	7.80E-05
25.0	0.10	0.032	9.62E-05	2.60E-06	9.62E-05
25.1	0.12	0.038	1.18E-04	3.19E-06	1.18E-04
25.2	0.14	0.044	1.44E-04	3.88E-06	1.44E-04
25.3	0.16	0.052	1.74E-04	4.69E-06	1.74E-04
25.4	0.19	0.060	2.09E-04	5.64E-06	2.09E-04
25.5	0.22	0.069	2.49E-04	6.74E-06	2.49E-04
25.6	0.25	0.080	2.96E-04	8.01E-06	2.96E-04
25.7	0.29	0.092	3.50E-04	9.47E-06	3.50E-04
25.8	0.33	0.104	4.12E-04	1.11E-05	4.12E-04
25.9	0.37	0.12	4.82E-04	1.30E-05	4.82E-04
26.0	0.42	0.11	5.62E-04	1.52E-05	5.62E-04
26.1	0.48	0.13	6.52E-04	1.76E-05	6.52E-04
26.2	0.54	0.14	7.54E-04	2.04E-05	7.54E-04
26.3	0.60	0.16	8.68E-04	2.35E-05	8.68E-04
26.4	0.67	0.18	9.96E-04	2.69E-05	9.96E-04
26.5	0.75	0.20	1.14E-03	3.08E-05	1.14E-03
26.6	0.83	0.22	1.30E-03	3.51E-05	1.30E-03
26.7	0.92	0.24	1.48E-03	3.99E-05	1.48E-03
26.8	1.02	0.27	1.67E-03	4.52E-05	1.67E-03
26.9	1.12	0.30	1.89E-03	5.11E-05	1.89E-03
27.0	1.24	0.24	2.13E-03	5.76E-05	2.13E-03
27.1	1.36	0.26	2.40E-03	6.48E-05	2.40E-03
27.2	1.49	0.29	2.69E-03	7.27E-05	2.69E-03
27.3	1.63	0.32	3.01E-03	8.13E-05	3.01E-03
27.4	1.78	0.35	3.36E-03	9.08E-05	3.36E-03
27.5	1.95	0.38	3.75E-03	1.01E-04	3.74E-03
27.6	2.12	0.41	4.17E-03	1.13E-04	4.17E-03
27.7	2.31	0.45	4.63E-03	1.25E-04	4.62E-03
27.8	2.50	0.48	5.13E-03	1.39E-04	5.12E-03
27.9	2.71	0.52	5.67E-03	1.53E-04	5.67E-03
28.0	2.94	0.39	6.26E-03	1.69E-04	6.26E-03
28.1	3.18	0.42	6.90E-03	1.86E-04	6.90E-03
28.2	3.43	0.45	7.59E-03	2.05E-04	7.59E-03
28.3	3.69	0.49	8.34E-03	2.25E-04	8.34E-03
28.4	3.98	0.52	9.15E-03	2.47E-04	9.15E-03
28.5	4.27	0.56	1.00E-02	2.71E-04	1.00E-02
28.6	4.59	0.60	1.10E-02	2.96E-04	1.10E-02
28.7	4.92	0.65	1.20E-02	3.23E-04	1.20E-02
28.8	5.26	0.69	1.31E-02	3.53E-04	1.30E-02
28.9	5.63	0.74	1.42E-02	3.84E-04	1.42E-02
29.0	6.01	0.54	1.55E-02	4.18E-04	1.55E-02
29.1	6.41	0.57	1.68E-02	4.54E-04	1.68E-02
29.2	6.82	0.61	1.82E-02	4.92E-04	1.82E-02
29.3	7.26	0.65	1.97E-02	5.33E-04	1.97E-02
29.4	7.71	0.69	2.13E-02	5.76E-04	2.13E-02
29.5	8.18	0.73	2.30E-02	6.23E-04	2.30E-02
29.6	8.67	0.78	2.49E-02	6.72E-04	2.48E-02
29.7	9.17	0.82	2.68E-02	7.24E-04	2.68E-02
29.8	9.69	0.87	2.88E-02	7.79E-04	2.88E-02
29.9	10.23	0.92	3.10E-02	8.37E-04	3.10E-02
30.0	10.79	0.73	3.33E-02	8.99E-04	3.33E-02
30.1	11.36	0.76	3.57E-02	9.64E-04	3.57E-02
30.2	11.94	0.80	3.82E-02	1.03E-03	3.82E-02
30.3	12.55	0.84	4.09E-02	1.10E-03	4.09E-02
30.4	13.16	0.89	4.37E-02	1.18E-03	4.37E-02
30.5	13.79	0.93	4.66E-02	1.26E-03	4.66E-02
30.6	14.44	0.97	4.97E-02	1.34E-03	4.97E-02
30.7	15.09	1.02	5.30E-02	1.43E-03	5.30E-02
30.8	15.76	1.06	5.64E-02	1.52E-03	5.64E-02
30.9	16.43	1.11	5.99E-02	1.62E-03	5.99E-02
31.0	17.12	1.15	6.36E-02	1.72E-03	6.36E-02
31.1	17.81	1.20	6.75E-02	1.82E-03	6.75E-02
31.2	18.52	1.25	7.15E-02	1.93E-03	7.15E-02
31.3	19.22	1.29	7.57E-02	2.05E-03	7.57E-02
31.4	19.94	1.34	8.00E-02	2.16E-03	8.00E-02
31.5	20.66	1.39	8.46E-02	2.29E-03	8.45E-02
31.6	21.38	1.44	8.92E-02	2.41E-03	8.92E-02
31.7	22.11	1.49	9.41E-02	2.54E-03	9.41E-02
31.8	22.84	1.54	9.91E-02	2.68E-03	9.91E-02
31.9	23.57	1.59	1.04E-01	2.82E-03	1.04E-01
32.0	24.30	1.47	1.10E-01	2.97E-03	1.10E-01
32.1	25.03	1.51	1.15E-01	3.12E-03	1.15E-01
32.2	25.76	1.55	1.21E-01	3.27E-03	1.21E-01
32.3	26.49	1.60	1.27E-01	3.43E-03	1.27E-01
32.4	27.21	1.64	1.33E-01	3.60E-03	1.33E-01
32.5	27.94	1.68	1.39E-01	3.76E-03	1.39E-01
32.6	28.65	1.73	1.46E-01	3.94E-03	1.46E-01
32.7	29.36	1.77	1.52E-01	4.12E-03	1.52E-01
32.8	30.07	1.81	1.59E-01	4.30E-03	1.59E-01
32.9	30.77	1.86	1.66E-01	4.49E-03	1.66E-01
33.0	31.47	1.90	1.73E-01	4.68E-03	1.73E-01
33.1	32.15	1.94	1.81E-01	4.88E-03	1.81E-01
33.2	32.83	1.98	1.88E-01	5.08E-03	1.88E-01
33.3	33.50	2.02	1.96E-01	5.29E-03	1.96E-01
33.4	34.17	2.06	2.04E-01	5.50E-03	2.04E-01
33.5	34.82	2.10	2.12E-01	5.72E-03	2.12E-01
33.6	35.47	2.14	2.20E-01	5.94E-03	2.20E-01
33.7	36.11	2.18	2.28E-01	6.16E-03	2.28E-01
33.8	36.74	2.21	2.37E-01	6.39E-03	2.36E-01
33.9	37.36	2.25	2.45E-01	6.63E-03	2.45E-01
34.0	37.96	2.25	2.54E-01	6.87E-03	2.54E-01
34.1	38.56	2.28	2.63E-01	7.11E-03	2.63E-01
34.2	39.15	2.32	2.72E-01	7.35E-03	2.72E-01
34.3	39.73	2.35	2.81E-01	7.61E-03	2.81E-01
34.4	40.30	2.39	2.91E-01	7.86E-03	2.91E-01
34.5	40.86	2.42	3.00E-01	8.12E-03	3.00E-01
34.6	41.41	2.45	3.10E-01	8.38E-03	3.10E-01
34.7	41.95	2.49	3.20E-01	8.65E-03	3.20E-01
34.8	42.48	2.52	3.30E-01	8.92E-03	3.30E-01
34.9	42.99	2.55	3.40E-01	9.19E-03	3.40E-01
35.0	43.50	2.58	3.50E-01	9.47E-03	3.50E-01
35.1	44.00	2.61	3.61E-01	9.75E-03	3.61E-01
35.2	44.49	2.64	3.71E-01	1.00E-02	3.71E-01
35.3	44.97	2.66	3.82E-01	1.03E-02	3.82E-01
35.4	45.43	2.69	3.93E-01	1.06E-02	3.93E-01
35.5	45.89	2.72	4.04E-01	1.09E-02	4.04E-01
35.6	46.34	2.75	4.15E-01	1.12E-02	4.15E-01
35.7	46.77	2.77	4.26E-01	1.15E-02	4.26E-01
35.8	47.20	2.80	4.38E-01	1.18E-02	4.37E-01
35.9	47.62	2.82	4.49E-01	1.21E-02	4.49E-01
36.0	48.03	2.61	4.61E-01	1.24E-02	4.60E-01
36.1	48.43	2.64	4.72E-01	1.28E-02	4.72E-01
36.2	48.82	2.66	4.84E-01	1.31E-02	4.84E-01
36.3	49.20	2.68	4.96E-01	1.34E-02	4.96E-01
36.4	49.57	2.70	5.08E-01	1.37E-02	5.08E-01
36.5	49.93	2.72	5.20E-01	1.41E-02	5.20E-01
36.6	50.28	2.74	5.32E-01	1.44E-02	5.32E-01
36.7	50.63	2.76	5.45E-01	1.47E-02	5.45E-01
36.8	50.96	2.77	5.57E-01	1.51E-02	5.57E-01
36.9	51.29	2.79	5.70E-01	1.54E-02	5.70E-01
37.0	51.60	2.81	5.82E-01	1.57E-02	5.82E-01
37.1	51.91	2.82	5.95E-01	1.61E-02	5.95E-01
37.2	52.21	2.84	6.08E-01	1.64E-02	6.08E-01
37.3	52.50	2.86	6.21E-01	1.68E-02	6.21E-01
37.4	52.78	2.87	6.34E-01	1.71E-02	6.34E-01
37.5	53.05	2.89	6.47E-01	1.75E-02	6.47E-01
37.6	53.32	2.90	6.60E-01	1.78E-02	6.60E-01
37.7	53.57	2.92	6.74E-01	1.82E-02	6.73E-01
37.8	53.82	2.93	6.87E-01	1.86E-02	6.87E-01
37.9	54.06	2.94	7.00E-01	1.89E-02	7.00E-01
38.0	54.29	2.82	7.14E-01	1.93E-02	7.14E-01
38.1	54.51	2.83	7.28E-01	1.97E-02	7.27E-01
38.2	54.73	2.84	7.41E-01	2.00E-02	7.41E-01
38.3	54.94	2.85	7.55E-01	2.04E-02	7.55E-01
38.4	55.13	2.86	7.69E-01	2.08E-02	7.69E-01
38.5	55.32	2.87	7.83E-01	2.12E-02	7.83E-01
38.6	55.50	2.88	7.97E-01	2.15E-02	7.97E-01
38.7	55.68	2.89	8.11E-01	2.19E-02	8.11E-01
38.8	55.84	2.90	8.25E-01	2.23E-02	8.25E-01
38.9	56.00	2.90	8.40E-01	2.27E-02	8.39E-01
39.0	56.15	2.91	8.54E-01	2.31E-02	8.54E-01
39.1	56.29	2.92	8.68E-01	2.35E-02	8.68E-01
39.2	56.43	2.93	8.83E-01	2.39E-02	8.83E-01
39.3	56.55	2.93	8.97E-01	2.42E-02	8.97E-01
39.4	56.67	2.94	9.12E-01	2.46E-02	9.12E-01
39.5	56.78	2.94	9.26E-01	2.50E-02	9.26E-01
39.6	56.89	2.95	9.41E-01	2.54E-02	9.41E-01
39.7	56.98	2.95	9.56E-01	2.58E-02	9.56E-01
39.8	57.07	2.96	9.71E-01	2.62E-02	9.71E-01
39.9	57.15	2.96	9.86E-01	2.66E-02	9.85E-01
40.0	57.22	2.97	1.00E+00	2.70E-02	1.00E+00
40.1	57.28	2.97	1.02E+00	2.74E-02	1.02E+00
40.2	57.34	2.98	1.03E+00	2.79E-02	1.03E+00
40.3	57.39	2.98	1.05E+00	2.83E-02	1.05E+00
40.4	57.43	2.98	1.06E+00	2.87E-02	1.06E+00
40.5	57.46	2.98	1.08E+00	2.91E-02	1.08E+00
40.6	57.49	2.98	1.09E+00	2.95E-02	1.09E+00
40.7	57.51	2.99	1.11E+00	2.99E-02	1.11E+00
40.8	57.52	2.99	1.12E+00	3.03E-02	1.12E+00
40.9	57.52	2.99	1.14E+00	3.07E-02	1.14E+00
41.0	57.52	2.99	1.15E+00	3.12E-02	1.15E+00
41.1	57.51	2.99	1.17E+00	3.16E-02	1.17E+00
41.2	57.49	2.98	1.18E+00	3.20E-02	1.18E+00
41.3	57.46	2.98	1.20E+00	3.24E-02	1.20E+00
41.4	57.43	2.98	1.21E+00	3.28E-02	1.21E+00
41.5	57.39	2.98	1.23E+00	3.32E-02	1.23E+00
41.6	57.35	2.98	1.25E+00	3.37E-02	1.25E+00
41.7	57.29	2.97	1.26E+00	3.41E-02	1.26E+00
41.8	57.23	2.97	1.28E+00	3.45E-02	1.28E+00
41.9	57.17	2.97	1.29E+00	3.49E-02	1.29E+00
42.0	57.09	2.97	1.31E+00	3.54E-02	1.31E+00
42.1	57.01	2.97	1.32E+00	3.58E-02	1.32E+00
42.2	56.93	2.96	1.34E+00	3.62E-02	1.34E+00
42.3	56.83	2.96	1.36E+00	3.66E-02	1.35E+00
42.4	56.73	2.95	1.37E+00	3.70E-02	1.37E+00
42.5	56.63	2.95	1.39E+00	3.75E-02	1.39E+00
42.6	56.51	2.94	1.40E+00	3.79E-02	1.40E+00
42.7	56.40	2.94	1.42E+00	3.83E-02	1.42E+00
42.8	56.27	2.93	1.43E+00	3.87E-02	1.43E+00
42.9	56.14	2.92	1.45E+00	3.92E-02	1.45E+00
43.0	56.00	2.91	1.46E+00	3.96E-02	1.46E+00
43.1	55.86	2.91	1.48E+00	4.00E-02	1.48E+00
43.2	55.71	2.90	1.50E+00	4.04E-02	1.50E+00
43.3	55.56	2.89	1.51E+00	4.08E-02	1.51E+00
43.4	55.40	2.88	1.53E+00	4.13E-02	1.53E+00
43.5	55.24	2.87	1.54E+00	4.17E-02	1.54E+00
43.6	55.07	2.87	1.56E+00	4.21E-02	1.56E+00
43.7	54.90	2.86	1.57E+00	4.25E-02	1.57E+00
43.8	54.72	2.85	1.59E+00	4.29E-02	1.59E+00
43.9	54.53	2.84	1.60E+00	4.34E-02	1.60E+00
44.0	54.34	2.80	1.62E+00	4.38E-02	1.62E+00
44.1	54.15	2.79	1.64E+00	4.42E-02	1.64E+00
44.2	53.95	2.78	1.65E+00	4.46E-02	1.65E+00
44.3	53.75	2.77	1.67E+00	4.50E-02	1.67E+00
44.4	53.54	2.76	1.68E+00	4.54E-02	1.68E+00
44.5	53.33	2.75	1.70E+00	4.59E-02	1.70E+00
44.6	53.11	2.74	1.71E+00	4.63E-02	1.71E+00
44.7	52.89	2.73	1.73E+00	4.67E-02	1.73E+00
44.8	52.67	2.72	1.74E+00	4.71E-02	1.74E+00
44.9	52.44	2.71	1.76E+00	4.75E-02	1.76E+00
45.0	52.21	2.69	1.77E+00	4.79E-02	1.77E+00
45.1	51.98	2.68	1.79E+00	4.83E-02	1.79E+00
45.2	51.74	2.67	1.80E+00	4.87E-02	1.80E+00
45.3	51.50	2.66	1.82E+00	4.91E-02	1.82E+00
45.4	51.26	2.64	1.83E+00	4.95E-02	1.83E+00
45.5	51.01	2.63	1.85E+00	4.99E-02	1.85E+00
45.6	50.76	2.62	1.86E+00	5.03E-02	1.86E+00
45.7	50.51	2.61	1.88E+00	5.07E-02	1.88E+00
45.8	50.26	2.59	1.89E+00	5.11E-02	1.89E+00
45.9	50.00	2.58	1.91E+00	5.15E-02	1.91E+00
46.0	49.74	2.56	1.92E+00	5.19E-02	1.92E+00
46.1	49.48	2.55	1.94E+00	5.23E-02	1.93E+00
46.2	49.22	2.53	1.95E+00	5.27E-02	1.95E+00
46.3	48.95	2.52	1.96E+00	5.31E-02	1.96E+00
46.4	48.69	2.51	1.98E+00	5.35E-02	1.98E+00
46.5	48.42	2.49	1.99E+00	5.39E-02	1.99E+00
46.6	48.15	2.48	2.01E+00	5.42E-02	2.01E+00
46.7	47.88	2.46	2.02E+00	5.46E-02	2.02E+00
46.8	47.61	2.45	2.04E+00	5.50E-02	2.04E+00
46.9	47.33	2.44	2.05E+00	5.54E-02	2.05E+00
47.0	47.06	2.42	2.06E+00	5.58E-02	2.06E+00
47.1	46.79	2.41	2.08E+00	5.62E-02	2.08E+00
47.2	46.51	2.39	2.09E+00	5.65E-02	2.09E+00
47.3	46.24	2.38	2.11E+00	5.69E-02	2.10E+00
47.4	45.96	2.37	2.12E+00	5.73E-02	2.12E+00
47.5	45.68	2.35	2.13E+00	5.76E-02	2.13E+00
47.6	45.41	2.34	2.15E+00	5.80E-02	2.15E+00
47.7	45.13	2.32	2.16E+00	5.84E-02	2.16E+00
47.8	44.86	2.31	2.17E+00	5.87E-02	2.17E+00
47.9	44.58	2.29	2.19E+00	5.91E-02	2.19E+00
48.0	44.31	2.31	2.20E+00	5.95E-02	2.20E+00
48.1	44.03	2.30	2.21E+00	5.98E-02	2.21E+00
48.2	43.76	2.28	2.23E+00	6.02E-02	2.23E+00
48.3	43.48	2.27	2.24E+00	6.05E-02	2.24E+00
48.4	43.21	2.25	2.25E+00	6.09E-02	2.25E+00
48.5	42.94	2.24	2.27E+00	6.13E-02	2.27E+00
48.6	42.67	2.23	2.28E+00	6.16E-02	2.28E+00
48.7	42.40	2.21	2.29E+00	6.20E-02	2.29E+00
48.8	42.13	2.20	2.31E+00	6.23E-02	2.30E+00
48.9	41.87	2.18	2.32E+00	6.27E-02	2.32E+00
49.0	41.60	2.17	2.33E+00	6.30E-02	2.33E+00
49.1	41.34	2.16	2.34E+00	6.33E-02	2.34E+00
49.2	41.08	2.14	2.36E+00	6.37E-02	2.36E+00
49.3	40.81	2.13	2.37E+00	6.40E-02	2.37E+00
49.4	40.56	2.12	2.38E+00	6.44E-02	2.38E+00
49.5	40.30	2.10	2.39E+00	6.47E-02	2.39E+00
49.6	40.05	2.09	2.41E+00	6.50E-02	2.41E+00
49.7	39.79	2.08	2.42E+00	6.54E-02	2.42E+00
49.8	39.54	2.06	2.43E+00	6.57E-02	2.43E+00
49.9	39.30	2.05	2.44E+00	6.60E-02	2.44E+00
50.0	39.05	2.06	2.46E+00	6.64E-02	2.45E+00
50.1	38.81	2.05	2.47E+00	6.67E-02	2.47E+00
50.2	38.57	2.03	2.48E+00	6.70E-02	2.48E+00
50.3	38.33	2.02	2.49E+00	6.73E-02	2.49E+00
50.4	38.10	2.01	2.50E+00	6.77E-02	2.50E+00
50.5	37.86	2.00	2.52E+00	6.80E-02	2.52E+00
50.6	37.63	1.99	2.53E+00	6.83E-02	2.53E+00
50.7	37.41	1.97	2.54E+00	6.86E-02	2.54E+00
50.8	37.18	1.96	2.55E+00	6.89E-02	2.55E+00
50.9	36.96	1.95	2.56E+00	6.93E-02	2.56E+00
51.0	36.75	1.94	2.57E+00	6.96E-02	2.57E+00
51.1	36.53	1.93	2.59E+00	6.99E-02	2.59E+00
51.2	36.32	1.92	2.60E+00	7.02E-02	2.60E+00
51.3	36.11	1.91	2.61E+00	7.05E-02	2.61E+00
51.4	35.91	1.89	2.62E+00	7.08E-02	2.62E+00
51.5	35.70	1.88	2.63E+00	7.11E-02	2.63E+00
51.6	35.51	1.87	2.64E+00	7.14E-02	2.64E+00
51.7	35.31	1.86	2.65E+00	7.17E-02	2.65E+00
51.8	35.12	1.85	2.67E+00	7.20E-02	2.67E+00
51.9	34.93	1.84	2.68E+00	7.23E-02	2.68E+00
52.0	34.75	1.82	2.69E+00	7.26E-02	2.69E+00
52.1	34.56	1.81	2.70E+00	7.29E-02	2.70E+00
52.2	34.39	1.80	2.71E+00	7.32E-02	2.71E+00
52.3	34.21	1.79	2.72E+00	7.35E-02	2.72E+00
52.4	34.04	1.78	2.73E+00	7.38E-02	2.73E+00
52.5	33.87	1.77	2.74E+00	7.41E-02	2.74E+00
52.6	33.71	1.76	2.75E+00	7.44E-02	2.75E+00
52.7	33.55	1.75	2.76E+00	7.47E-02	2.76E+00
52.8	33.40	1.75	2.78E+00	7.50E-02	2.78E+00
52.9	33.24	1.74	2.79E+00	7.53E-02	2.79E+00
53.0	33.09	1.73	2.80E+00	7.56E-02	2.80E+00
53.1	32.95	1.72	2.81E+00	7.59E-02	2.81E+00
53.2	32.81	1.72	2.82E+00	7.62E-02	2.82E+00
53.3	32.67	1.71	2.83E+00	7.65E-02	2.83E+00
53.4	32.53	1.70	2.84E+00	7.68E-02	2.84E+00
53.5	32.40	1.69	2.85E+00	7.70E-02	2.85E+00
53.6	32.28	1.69	2.86E+00	7.73E-02	2.86E+00
53.7	32.15	1.68	2.87E+00	7.76E-02	2.87E+00
53.8	32.03	1.68	2.88E+00	7.79E-02	2.88E+00
53.9	31.92	1.67	2.89E+00	7.82E-02	2.89E+00
54.0	31.81	1.62	2.90E+00	7.85E-02	2.90E+00
54.1	31.70	1.62	2.91E+00	7.88E-02	2.91E+00
54.2	31.59	1.61	2.92E+00	7.90E-02	2.92E+00
54.3	31.49	1.61	2.93E+00	7.93E-02	2.93E+00
54.4	31.39	1.60	2.95E+00	7.96E-02	2.94E+00
54.5	31.30	1.60	2.96E+00	7.99E-02	2.95E+00
54.6	31.21	1.59	2.97E+00	8.02E-02	2.97E+00
54.7	31.12	1.59	2.98E+00	8.04E-02	2.98E+00
54.8	31.04	1.58	2.99E+00	8.07E-02	2.99E+00
54.9	30.96	1.58	3.00E+00	8.10E-02	3.00E+00
55.0	30.88	1.57	3.01E+00	8.13E-02	3.01E+00
55.1	30.81	1.57	3.02E+00	8.16E-02	3.02E+00
55.2	30.74	1.57	3.03E+00	8.18E-02	3.03E+00
55.3	30.68	1.56	3.04E+00	8.21E-02	3.04E+00
55.4	30.62	1.56	3.05E+00	8.24E-02	3.05E+00
55.5	30.56	1.56	3.06E+00	8.27E-02	3.06E+00
55.6	30.50	1.55	3.07E+00	8.29E-02	3.07E+00
55.7	30.45	1.55	3.08E+00	8.32E-02	3.08E+00
55.8	30.40	1.55	3.09E+00	8.35E-02	3.09E+00
55.9	30.36	1.55	3.10E+00	8.38E-02	3.10E+00
56.0	30.31	1.52	3.11E+00	8.40E-02	3.11E+00
56.1	30.28	1.52	3.12E+00	8.43E-02	3.12E+00
56.2	30.24	1.52	3.13E+00	8.46E-02	3.13E+00
56.3	30.21	1.52	3.14E+00	8.49E-02	3.14E+00
56.4	30.18	1.51	3.15E+00	8.52E-02	3.15E+00
56.5	30.16	1.51	3.16E+00	8.54E-02	3.16E+00
56.6	30.13	1.51	3.17E+00	8.57E-02	3.17E+00
56.7	30.11	1.51	3.18E+00	8.60E-02	3.18E+00
56.8	30.10	1.51	3.19E+00	8.63E-02	3.19E+00
56.9	30.08	1.51	3.20E+00	8.65E-02	3.20E+00
57.0	30.07	1.51	3.21E+00	8.68E-02	3.21E+00
57.1	30.07	1.51	3.22E+00	8.71E-02	3.22E+00
57.2	30.06	1.51	3.23E+00	8.74E-02	3.23E+00
57.3	30.06	1.51	3.24E+00	8.76E-02	3.24E+00
57.4	30.06	1.51	3.25E+00	8.79E-02	3.25E+00
57.5	30.07	1.51	3.26E+00	8.82E-02	3.26E+00
57.6	30.07	1.51	3.27E+00	8.85E-02	3.27E+00
57.7	30.08	1.51	3.28E+00	8.88E-02	3.28E+00
57.8	30.10	1.51	3.29E+00	8.90E-02	3.29E+00
57.9	30.11	1.51	3.31E+00	8.93E-02	3.30E+00
58.0	30.13	1.53	3.32E+00	8.96E-02	3.31E+00
58.1	30.15	1.53	3.33E+00	8.99E-02	3.33E+00
58.2	30.17	1.53	3.34E+00	9.02E-02	3.34E+00
58.3	30.20	1.53	3.35E+00	9.05E-02	3.35E+00
58.4	30.23	1.54	3.36E+00	9.07E-02	3.36E+00
58.5	30.26	1.54	3.37E+00	9.10E-02	3.37E+00
58.6	30.29	1.54	3.38E+00	9.13E-02	3.38E+00
58.7	30.33	1.54	3.39E+00	9.16E-02	3.39E+00
58.8	30.36	1.54	3.40E+00	9.19E-02	3.40E+00
58.9	30.40	1.54	3.41E+00	9.22E-02	3.41E+00
59.0	30.45	1.55	3.42E+00	9.25E-02	3.42E+00
59.1	30.49	1.55	3.43E+00	9.27E-02	3.43E+00
59.2	30.54	1.55	3.44E+00	9.30E-02	3.44E+00
59.3	30.58	1.55	3.45E+00	9.33E-02	3.45E+00
59.4	30.64	1.56	3.46E+00	9.36E-02	3.46E+00
59.5	30.69	1.56	3.47E+00	9.39E-02	3.47E+00
59.6	30.74	1.56	3.49E+00	9.42E-02	3.48E+00
59.7	30.80	1.56	3.50E+00	9.45E-02	3.50E+00
59.8	30.86	1.57	3.51E+00	9.48E-02	3.51E+00
59.9	30.92	1.57	3.52E+00	9.51E-02	3.52E+00
60.0	30.98	1.61	3.53E+00	9.54E-02	3.53E+00
60.1	31.04	1.62	3.54E+00	9.57E-02	3.54E+00
60.2	31.11	1.62	3.55E+00	9.60E-02	3.55E+00
60.3	31.18	1.62	3.56E+00	9.63E-02	3.56E+00
60.4	31.25	1.63	3.57E+00	9.66E-02	3.57E+00
60.5	31.32	1.63	3.58E+00	9.69E-02	3.58E+00
60.6	31.39	1.63	3.60E+00	9.72E-02	3.60E+00
60.7	31.47	1.64	3.61E+00	9.75E-02	3.61E+00
60.8	31.54	1.64	3.62E+00	9.78E-02	3.62E+00
60.9	31.62	1.65	3.63E+00	9.81E-02	3.63E+00
61.0	31.70	1.65	3.64E+00	9.84E-02	3.64E+00
61.1	31.78	1.65	3.65E+00	9.87E-02	3.65E+00
61.2	31.86	1.66	3.66E+00	9.90E-02	3.66E+00
61.3	31.94	1.66	3.68E+00	9.93E-02	3.68E+00
61.4	32.03	1.67	3.69E+00	9.97E-02	3.69E+00
61.5	32.11	1.67	3.70E+00	1.00E-01	3.70E+00
61.6	32.20	1.68	3.71E+00	1.00E-01	3.71E+00
61.7	32.29	1.68	3.72E+00	1.01E-01	3.72E+00
61.8	32.38	1.69	3.73E+00	1.01E-01	3.73E+00
61.9	32.47	1.69	3.75E+00	1.01E-01	3.75E+00
62.0	32.56	1.72	3.76E+00	1.02E-01	3.76E+00
62.1	32.65	1.72	3.77E+00	1.02E-01	3.77E+00
62.2	32.74	1.73	3.78E+00	1.02E-01	3.78E+00
62.3	32.84	1.73	3.79E+00	1.03E-01	3.79E+00
62.4	32.94	1.74	3.81E+00	1.03E-01	3.80E+00
62.5	33.03	1.74	3.82E+00	1.03E-01	3.82E+00
62.6	33.13	1.75	3.83E+00	1.04E-01	3.83E+00
62.7	33.23	1.76	3.84E+00	1.04E-01	3.84E+00
62.8	33.33	1.76	3.85E+00	1.04E-01	3.85E+00
62.9	33.43	1.77	3.87E+00	1.05E-01	3.87E+00
63.0	33.53	1.77	3.88E+00	1.05E-01	3.88E+00
63.1	33.63	1.78	3.89E+00	1.05E-01	3.89E+00
63.2	33.73	1.78	3.90E+00	1.06E-01	3.90E+00
63.3	33.84	1.79	3.92E+00	1.06E-01	3.92E+00
63.4	33.94	1.79	3.93E+00	1.06E-01	3.93E+00
63.5	34.04	1.80	3.94E+00	1.07E-01	3.94E+00
63.6	34.15	1.80	3.95E+00	1.07E-01	3.95E+00
63.7	34.26	1.81	3.97E+00	1.07E-01	3.97E+00
63.8	34.36	1.82	3.98E+00	1.08E-01	3.98E+00
63.9	34.47	1.82	3.99E+00	1.08E-01	3.99E+00
64.0	34.58	1.82	4.01E+00	1.08E-01	4.00E+00
64.1	34.69	1.82	4.02E+00	1.09E-01	4.02E+00
64.2	34.79	1.83	4.03E+00	1.09E-01	4.03E+00
64.3	34.90	1.83	4.04E+00	1.09E-01	4.04E+00
64.4	35.01	1.84	4.06E+00	1.10E-01	4.06E+00
64.5	35.12	1.85	4.07E+00	1.10E-01	4.07E+00
64.6	35.23	1.85	4.08E+00	1.10E-01	4.08E+00
64.7	35.34	1.86	4.10E+00	1.11E-01	4.10E+00
64.8	35.45	1.86	4.11E+00	1.11E-01	4.11E+00
64.9	35.56	1.87	4.12E+00	1.11E-01	4.12E+00
65.0	35.68	1.88	4.14E+00	1.12E-01	4.14E+00
65.1	35.79	1.88	4.15E+00	1.12E-01	4.15E+00
65.2	35.90	1.89	4.16E+00	1.13E-01	4.16E+00
65.3	36.01	1.89	4.18E+00	1.13E-01	4.18E+00
65.4	36.12	1.90	4.19E+00	1.13E-01	4.19E+00
65.5	36.24	1.90	4.21E+00	1.14E-01	4.20E+00
65.6	36.35	1.91	4.22E+00	1.14E-01	4.22E+00
65.7	36.46	1.92	4.23E+00	1.14E-01	4.23E+00
65.8	36.57	1.92	4.25E+00	1.15E-01	4.25E+00
65.9	36.69	1.93	4.26E+00	1.15E-01	4.26E+00
66.0	36.80	1.90	4.28E+00	1.16E-01	4.27E+00
66.1	36.91	1.90	4.29E+00	1.16E-01	4.29E+00
66.2	37.03	1.91	4.30E+00	1.16E-01	4.30E+00
66.3	37.14	1.92	4.32E+00	1.17E-01	4.32E+00
66.4	37.25	1.92	4.33E+00	1.17E-01	4.33E+00
66.5	37.37	1.93	4.35E+00	1.17E-01	4.35E+00
66.6	37.48	1.93	4.36E+00	1.18E-01	4.36E+00
66.7	37.59	1.94	4.37E+00	1.18E-01	4.37E+00
66.8	37.70	1.95	4.39E+00	1.19E-01	4.39E+00
66.9	37.82	1.95	4.40E+00	1.19E-01	4.40E+00
67.0	37.93	1.96	4.42E+00	1.19E-01	4.42E+00
67.1	38.04	1.96	4.43E+00	1.20E-01	4.43E+00
67.2	38.16	1.97	4.45E+00	1.20E-01	4.45E+00
67.3	38.27	1.97	4.46E+00	1.21E-01	4.46E+00
67.4	38.38	1.98	4.48E+00	1.21E-01	4.48E+00
67.5	38.49	1.99	4.49E+00	1.21E-01	4.49E+00
67.6	38.60	1.99	4.51E+00	1.22E-01	4.51E+00
67.7	38.72	2.00	4.52E+00	1.22E-01	4.52E+00
67.8	38.83	2.00	4.54E+00	1.23E-01	4.54E+00
67.9	38.94	2.01	4.55E+00	1.23E-01	4.55E+00
68.0	39.05	1.96	4.57E+00	1.23E-01	4.57E+00
68.1	39.16	1.97	4.58E+00	1.24E-01	4.58E+00
68.2	39.27	1.98	4.60E+00	1.24E-01	4.60E+00
68.3	39.38	1.98	4.61E+00	1.25E-01	4.61E+00
68.4	39.49	1.99	4.63E+00	1.25E-01	4.63E+00
68.5	39.60	1.99	4.65E+00	1.26E-01	4.64E+00
68.6	39.71	2.00	4.66E+00	1.26E-01	4.66E+00
68.7	39.82	2.00	4.68E+00	1.26E-01	4.68E+00
68.8	39.93	2.01	4.69E+00	1.27E-01	4.69E+00
68.9	40.04	2.01	4.71E+00	1.27E-01	4.71E+00
69.0	40.14	2.02	4.72E+00	1.28E-01	4.72E+00
69.1	40.25	2.02	4.74E+00	1.28E-01	4.74E+00
69.2	40.36	2.03	4.76E+00	1.29E-01	4.76E+00
69.3	40.47	2.04	4.77E+00	1.29E-01	4.77E+00
69.4	40.57	2.04	4.79E+00	1.29E-01	4.79E+00
69.5	40.68	2.05	4.80E+00	1.30E-01	4.80E+00
69.6	40.78	2.05	4.82E+00	1.30E-01	4.82E+00
69.7	40.89	2.06	4.84E+00	1.31E-01	4.84E+00
69.8	40.99	2.06	4.85E+00	1.31E-01	4.85E+00
69.9	41.10	2.07	4.87E+00	1.32E-01	4.87E+00
70.0	41.20	2.02	4.89E+00	1.32E-01	4.89E+00
70.1	41.30	2.02	4.90E+00	1.33E-01	4.90E+00
70.2	41.41	2.03	4.92E+00	1.33E-01	4.92E+00
70.3	41.51	2.03	4.94E+00	1.33E-01	4.94E+00
70.4	41.61	2.04	4.95E+00	1.34E-01	4.95E+00
70.5	41.71	2.04	4.97E+00	1.34E-01	4.97E+00
70.6	41.81	2.05	4.99E+00	1.35E-01	4.99E+00
70.7	41.91	2.05	5.00E+00	1.35E-01	5.00E+00
70.8	42.01	2.06	5.02E+00	1.36E-01	5.02E+00
70.9	42.11	2.06	5.04E+00	1.36E-01	5.04E+00
71.0	42.21	2.07	5.06E+00	1.37E-01	5.05E+00
71.1	42.30	2.07	5.07E+00	1.37E-01	5.07E+00
71.2	42.40	2.08	5.09E+00	1.38E-01	5.09E+00
71.3	42.50	2.08	5.11E+00	1.38E-01	5.11E+00
71.4	42.59	2.09	5.12E+00	1.38E-01	5.12E+00
71.5	42.69	2.09	5.14E+00	1.39E-01	5.14E+00
71.6	42.79	2.10	5.16E+00	1.39E-01	5.16E+00
71.7	42.88	2.10	5.18E+00	1.40E-01	5.18E+00
71.8	42.97	2.11	5.19E+00	1.40E-01	5.19E+00
71.9	43.07	2.11	5.21E+00	1.41E-01	5.21E+00
72.0	43.16	2.11	5.23E+00	1.41E-01	5.23E+00
72.1	43.25	2.12	5.25E+00	1.42E-01	5.25E+00
72.2	43.35	2.12	5.27E+00	1.42E-01	5.26E+00
72.3	43.44	2.13	5.28E+00	1.43E-01	5.28E+00
72.4	43.53	2.13	5.30E+00	1.43E-01	5.30E+00
72.5	43.62	2.14	5.32E+00	1.44E-01	5.32E+00
72.6	43.71	2.14	5.34E+00	1.44E-01	5.34E+00
72.7	43.80	2.15	5.36E+00	1.45E-01	5.35E+00
72.8	43.89	2.15	5.37E+00	1.45E-01	5.37E+00
72.9	43.98	2.15	5.39E+00	1.46E-01	5.39E+00
73.0	44.06	2.16	5.41E+00	1.46E-01	5.41E+00
73.1	44.15	2.16	5.43E+00	1.47E-01	5.43E+00
73.2	44.24	2.17	5.45E+00	1.47E-01	5.45E+00
73.3	44.32	2.17	5.47E+00	1.48E-01	5.46E+00
73.4	44.41	2.18	5.48E+00	1.48E-01	5.48E+00
73.5	44.50	2.18	5.50E+00	1.49E-01	5.50E+00
73.6	44.58	2.18	5.52E+00	1.49E-01	5.52E+00
73.7	44.66	2.19	5.54E+00	1.50E-01	5.54E+00
73.8	44.75	2.19	5.56E+00	1.50E-01	5.56E+00
73.9	44.83	2.20	5.58E+00	1.51E-01	5.58E+00
74.0	44.91	2.20	5.60E+00	1.51E-01	5.59E+00
74.1	45.00	2.20	5.61E+00	1.52E-01	5.61E+00
74.2	45.08	2.21	5.63E+00	1.52E-01	5.63E+00
74.3	45.16	2.21	5.65E+00	1.53E-01	5.65E+00
74.4	45.24	2.22	5.67E+00	1.53E-01	5.67E+00
74.5	45.32	2.22	5.69E+00	1.54E-01	5.69E+00
74.6	45.40	2.22	5.71E+00	1.54E-01	5.71E+00
74.7	45.48	2.23	5.73E+00	1.55E-01	5.73E+00
74.8	45.56	2.23	5.75E+00	1.55E-01	5.75E+00
74.9	45.64	2.24	5.77E+00	1.56E-01	5.77E+00
75.0	45.71	2.24	5.79E+00	1.56E-01	5.79E+00
75.1	45.79	2.24	5.81E+00	1.57E-01	5.81E+00
75.2	45.87	2.25	5.83E+00	1.57E-01	5.83E+00
75.3	45.94	2.25	5.85E+00	1.58E-01	5.84E+00
75.4	46.02	2.25	5.87E+00	1.59E-01	5.86E+00
75.5	46.09	2.26	5.89E+00	1.59E-01	5.88E+00
75.6	46.17	2.26	5.91E+00	1.60E-01	5.90E+00
75.7	46.24	2.27	5.92E+00	1.60E-01	5.92E+00
75.8	46.31	2.27	5.94E+00	1.61E-01	5.94E+00
75.9	46.39	2.27	5.96E+00	1.61E-01	5.96E+00
76.0	46.46	2.28	5.98E+00	1.62E-01	5.98E+00
76.1	46.53	2.28	6.00E+00	1.62E-01	6.00E+00
76.2	46.60	2.28	6.02E+00	1.63E-01	6.02E+00
76.3	46.67	2.29	6.04E+00	1.63E-01	6.04E+00
76.4	46.74	2.29	6.06E+00	1.64E-01	6.06E+00
76.5	46.81	2.29	6.08E+00	1.64E-01	6.08E+00
76.6	46.88	2.30	6.11E+00	1.65E-01	6.10E+00
76.7	46.95	2.30	6.13E+00	1.66E-01	6.12E+00
76.8	47.02	2.30	6.15E+00	1.66E-01	6.14E+00
76.9	47.09	2.31	6.17E+00	1.67E-01	6.16E+00
77.0	47.16	2.31	6.19E+00	1.67E-01	6.19E+00
77.1	47.22	2.31	6.21E+00	1.68E-01	6.21E+00
77.2	47.29	2.32	6.23E+00	1.68E-01	6.23E+00
77.3	47.35	2.32	6.25E+00	1.69E-01	6.25E+00
77.4	47.42	2.32	6.27E+00	1.69E-01	6.27E+00
77.5	47.48	2.33	6.29E+00	1.70E-01	6.29E+00
77.6	47.55	2.33	6.31E+00	1.71E-01	6.31E+00
77.7	47.61	2.33	6.33E+00	1.71E-01	6.33E+00
77.8	47.67	2.34	6.35E+00	1.72E-01	6.35E+00
77.9	47.74	2.34	6.37E+00	1.72E-01	6.37E+00
78.0	47.80	2.34	6.39E+00	1.73E-01	6.39E+00
78.1	47.86	2.35	6.41E+00	1.73E-01	6.41E+00
78.2	47.92	2.35	6.44E+00	1.74E-01	6.43E+00
78.3	47.98	2.35	6.46E+00	1.75E-01	6.46E+00
78.4	48.04	2.35	6.48E+00	1.75E-01	6.48E+00
78.5	48.10	2.36	6.50E+00	1.76E-01	6.50E+00
78.6	48.16	2.36	6.52E+00	1.76E-01	6.52E+00
78.7	48.22	2.36	6.54E+00	1.77E-01	6.54E+00
78.8	48.28	2.37	6.56E+00	1.77E-01	6.56E+00
78.9	48.34	2.37	6.58E+00	1.78E-01	6.58E+00
79.0	48.39	2.37	6.61E+00	1.79E-01	6.60E+00
79.1	48.45	2.37	6.63E+00	1.79E-01	6.63E+00
79.2	48.50	2.38	6.65E+00	1.80E-01	6.65E+00
79.3	48.56	2.38	6.67E+00	1.80E-01	6.67E+00
79.4	48.61	2.38	6.69E+00	1.81E-01	6.69E+00
79.5	48.67	2.38	6.71E+00	1.81E-01	6.71E+00
79.6	48.72	2.39	6.73E+00	1.82E-01	6.73E+00
79.7	48.78	2.39	6.76E+00	1.83E-01	6.75E+00
79.8	48.83	2.39	6.78E+00	1.83E-01	6.78E+00
79.9	48.88	2.40	6.80E+00	1.84E-01	6.80E+00
80.0	48.93	2.26	6.82E+00	1.84E-01	6.82E+00
80.1	48.98	2.26	6.84E+00	1.85E-01	6.84E+00
80.2	49.04	2.26	6.87E+00	1.86E-01	6.86E+00
80.3	49.09	2.27	6.89E+00	1.86E-01	6.89E+00
80.4	49.14	2.27	6.91E+00	1.87E-01	6.91E+00
80.5	49.18	2.27	6.93E+00	1.87E-01	6.93E+00
80.6	49.23	2.27	6.95E+00	1.88E-01	6.95E+00
80.7	49.28	2.28	6.98E+00	1.89E-01	6.97E+00
80.8	49.33	2.28	7.00E+00	1.89E-01	7.00E+00
80.9	49.38	2.28	7.02E+00	1.90E-01	7.02E+00
81.0	49.42	2.28	7.04E+00	1.90E-01	7.04E+00
81.1	49.47	2.29	7.06E+00	1.91E-01	7.06E+00
81.2	49.52	2.29	7.09E+00	1.92E-01	7.08E+00
81.3	49.56	2.29	7.11E+00	1.92E-01	7.11E+00
81.4	49.61	2.29	7.13E+00	1.93E-01	7.13E+00
81.5	49.65	2.29	7.15E+00	1.93E-01	7.15E+00
81.6	49.69	2.30	7.18E+00	1.94E-01	7.17E+00
81.7	49.74	2.30	7.20E+00	1.95E-01	7.20E+00
81.8	49.78	2.30	7.22E+00	1.95E-01	7.22E+00
81.9	49.82	2.30	7.24E+00	1.96E-01	7.24E+00
82.0	49.87	2.30	7.27E+00	1.96E-01	7.26E+00
82.1	49.91	2.31	7.29E+00	1.97E-01	7.29E+00
82.2	49.95	2.31	7.31E+00	1.98E-01	7.31E+00
82.3	49.99	2.31	7.33E+00	1.98E-01	7.33E+00
82.4	50.03	2.31	7.36E+00	1.99E-01	7.36E+00
82.5	50.07	2.31	7.38E+00	1.99E-01	7.38E+00
82.6	50.11	2.31	7.40E+00	2.00E-01	7.40E+00
82.7	50.15	2.32	7.43E+00	2.01E-01	7.42E+00
82.8	50.19	2.32	7.45E+00	2.01E-01	7.45E+00
82.9	50.22	2.32	7.47E+00	2.02E-01	7.47E+00
83.0	50.26	2.32	7.49E+00	2.03E-01	7.49E+00
83.1	50.30	2.32	7.52E+00	2.03E-01	7.52E+00
83.2	50.34	2.33	7.54E+00	2.04E-01	7.54E+00
83.3	50.37	2.33	7.56E+00	2.04E-01	7.56E+00
83.4	50.41	2.33	7.59E+00	2.05E-01	7.59E+00
83.5	50.44	2.33	7.61E+00	2.06E-01	7.61E+00
83.6	50.48	2.33	7.63E+00	2.06E-01	7.63E+00
83.7	50.51	2.33	7.66E+00	2.07E-01	7.65E+00
83.8	50.55	2.33	7.68E+00	2.08E-01	7.68E+00
83.9	50.58	2.34	7.70E+00	2.08E-01	7.70E+00
84.0	50.62	2.34	7.73E+00	2.09E-01	7.72E+00
84.1	50.65	2.34	7.75E+00	2.09E-01	7.75E+00
84.2	50.68	2.34	7.77E+00	2.10E-01	7.77E+00
84.3	50.71	2.34	7.80E+00	2.11E-01	7.79E+00
84.4	50.75	2.34	7.82E+00	2.11E-01	7.82E+00
84.5	50.78	2.35	7.84E+00	2.12E-01	7.84E+00
84.6	50.81	2.35	7.87E+00	2.13E-01	7.87E+00
84.7	50.84	2.35	7.89E+00	2.13E-01	7.89E+00
84.8	50.87	2.35	7.91E+00	2.14E-01	7.91E+00
84.9	50.90	2.35	7.94E+00	2.15E-01	7.94E+00
85.0	50.93	2.35	7.96E+00	2.15E-01	7.96E+00
85.1	50.96	2.35	7.99E+00	2.16E-01	7.98E+00
85.2	50.99	2.36	8.01E+00	2.16E-01	8.01E+00
85.3	51.02	2.36	8.03E+00	2.17E-01	8.03E+00
85.4	51.04	2.36	8.06E+00	2.18E-01	8.06E+00
85.5	51.07	2.36	8.08E+00	2.18E-01	8.08E+00
85.6	51.10	2.36	8.10E+00	2.19E-01	8.10E+00
85.7	51.13	2.36	8.13E+00	2.20E-01	8.13E+00
85.8	51.15	2.36	8.15E+00	2.20E-01	8.15E+00
85.9	51.18	2.36	8.18E+00	2.21E-01	8.17E+00
86.0	51.20	2.37	8.20E+00	2.22E-01	8.20E+00
86.1	51.23	2.37	8.22E+00	2.22E-01	8.22E+00
86.2	51.25	2.37	8.25E+00	2.23E-01	8.25E+00
86.3	51.28	2.37	8.27E+00	2.24E-01	8.27E+00
86.4	51.30	2.37	8.30E+00	2.24E-01	8.29E+00
86.5	51.33	2.37	8.32E+00	2.25E-01	8.32E+00
86.6	51.35	2.37	8.34E+00	2.26E-01	8.34E+00
86.7	51.38	2.37	8.37E+00	2.26E-01	8.37E+00
86.8	51.40	2.37	8.39E+00	2.27E-01	8.39E+00
86.9	51.42	2.38	8.42E+00	2.27E-01	8.42E+00
87.0	51.44	2.38	8.44E+00	2.28E-01	8.44E+00
87.1	51.47	2.38	8.47E+00	2.29E-01	8.46E+00
87.2	51.49	2.38	8.49E+00	2.29E-01	8.49E+00
87.3	51.51	2.38	8.51E+00	2.30E-01	8.51E+00
87.4	51.53	2.38	8.54E+00	2.31E-01	8.54E+00
87.5	51.55	2.38	8.56E+00	2.31E-01	8.56E+00
87.6	51.57	2.38	8.59E+00	2.32E-01	8.59E+00
87.7	51.59	2.38	8.61E+00	2.33E-01	8.61E+00
87.8	51.61	2.38	8.64E+00	2.33E-01	8.64E+00
87.9	51.63	2.39	8.66E+00	2.34E-01	8.66E+00
88.0	51.65	2.39	8.69E+00	2.35E-01	8.68E+00
88.1	51.67	2.39	8.71E+00	2.35E-01	8.71E+00
88.2	51.69	2.39	8.74E+00	2.36E-01	8.73E+00
88.3	51.71	2.39	8.76E+00	2.37E-01	8.76E+00
88.4	51.73	2.39	8.78E+00	2.37E-01	8.78E+00
88.5	51.75	2.39	8.81E+00	2.38E-01	8.81E+00
88.6	51.76	2.39	8.83E+00	2.39E-01	8.83E+00
88.7	51.78	2.39	8.86E+00	2.39E-01	8.86E+00
88.8	51.80	2.39	8.88E+00	2.40E-01	8.88E+00
88.9	51.82	2.39	8.91E+00	2.41E-01	8.91E+00
89.0	51.83	2.39	8.93E+00	2.41E-01	8.93E+00
89.1	51.85	2.39	8.96E+00	2.42E-01	8.96E+00
89.2	51.87	2.40	8.98E+00	2.43E-01	8.98E+00
89.3	51.88	2.40	9.01E+00	2.43E-01	9.01E+00
89.4	51.90	2.40	9.03E+00	2.44E-01	9.03E+00
89.5	51.91	2.40	9.06E+00	2.45E-01	9.06E+00
89.6	51.93	2.40	9.08E+00	2.45E-01	9.08E+00
89.7	51.94	2.40	9.11E+00	2.46E-01	9.11E+00
89.8	51.96	2.40	9.13E+00	2.47E-01	9.13E+00
89.9	51.97	2.40	9.16E+00	2.48E-01	9.16E+00
90.0	51.99	2.28	9.18E+00	2.48E-01	9.18E+00
90.1	52.00	2.28	9.21E+00	2.49E-01	9.21E+00
90.2	52.01	2.28	9.23E+00	2.50E-01	9.23E+00
90.3	52.03	2.28	9.26E+00	2.50E-01	9.26E+00
90.4	52.04	2.28	9.28E+00	2.51E-01	9.28E+00
90.5	52.05	2.29	9.31E+00	2.52E-01	9.31E+00
90.6	52.07	2.29	9.33E+00	2.52E-01	9.33E+00
90.7	52.08	2.29	9.36E+00	2.53E-01	9.36E+00
90.8	52.09	2.29	9.38E+00	2.54E-01	9.38E+00
90.9	52.10	2.29	9.41E+00	2.54E-01	9.41E+00
91.0	52.12	2.29	9.44E+00	2.55E-01	9.43E+00
91.1	52.13	2.29	9.46E+00	2.56E-01	9.46E+00
91.2	52.14	2.29	9.49E+00	2.56E-01	9.48E+00
91.3	52.15	2.29	9.51E+00	2.57E-01	9.51E+00
91.4	52.16	2.29	9.54E+00	2.58E-01	9.54E+00
91.5	52.17	2.29	9.56E+00	2.58E-01	9.56E+00
91.6	52.18	2.29	9.59E+00	2.59E-01	9.59E+00
91.7	52.19	2.29	9.61E+00	2.60E-01	9.61E+00
91.8	52.20	2.29	9.64E+00	2.61E-01	9.64E+00
91.9	52.21	2.29	9.66E+00	2.61E-01	9.66E+00
92.0	52.22	2.29	9.69E+00	2.62E-01	9.69E+00
92.1	52.23	2.29	9.72E+00	2.63E-01	9.71E+00
92.2	52.24	2.29	9.74E+00	2.63E-01	9.74E+00
92.3	52.25	2.29	9.77E+00	2.64E-01	9.76E+00
92.4	52.26	2.29	9.79E+00	2.65E-01	9.79E+00
92.5	52.27	2.29	9.82E+00	2.65E-01	9.82E+00
92.6	52.28	2.30	9.84E+00	2.66E-01	9.84E+00
92.7	52.29	2.30	9.87E+00	2.67E-01	9.87E+00
92.8	52.29	2.30	9.90E+00	2.67E-01	9.89E+00
92.9	52.30	2.30	9.92E+00	2.68E-01	9.92E+00
93.0	52.31	2.30	9.95E+00	2.69E-01	9.94E+00
93.1	52.32	2.30	9.97E+00	2.70E-01	9.97E+00
93.2	52.32	2.30	1.00E+01	2.70E-01	1.00E+01
93.3	52.33	2.30	1.00E+01	2.71E-01	1.00E+01
93.4	52.34	2.30	1.01E+01	2.72E-01	1.00E+01
93.5	52.35	2.30	1.01E+01	2.72E-01	1.01E+01
93.6	52.35	2.30	1.01E+01	2.73E-01	1.01E+01
93.7	52.36	2.30	1.01E+01	2.74E-01	1.01E+01
93.8	52.37	2.30	1.02E+01	2.74E-01	1.02E+01
93.9	52.37	2.30	1.02E+01	2.75E-01	1.02E+01
94.0	52.38	2.30	1.02E+01	2.76E-01	1.02E+01
94.1	52.38	2.30	1.02E+01	2.77E-01	1.02E+01
94.2	52.39	2.30	1.03E+01	2.77E-01	1.03E+01
94.3	52.39	2.30	1.03E+01	2.78E-01	1.03E+01
94.4	52.40	2.30	1.03E+01	2.79E-01	1.03E+01
94.5	52.41	2.30	1.03E+01	2.79E-01	1.03E+01
94.6	52.41	2.30	1.04E+01	2.80E-01	1.04E+01
94.7	52.42	2.30	1.04E+01	2.81E-01	1.04E+01
94.8	52.42	2.30	1.04E+01	2.81E-01	1.04E+01
94.9	52.42	2.30	1.04E+01	2.82E-01	1.04E+01
95.0	52.43	2.30	1.05E+01	2.83E-01	1.05E+01
95.1	52.43	2.30	1.05E+01	2.84E-01	1.05E+01
95.2	52.44	2.30	1.05E+01	2.84E-01	1.05E+01
95.3	52.44	2.30	1.05E+01	2.85E-01	1.05E+01
95.4	52.45	2.30	1.06E+01	2.86E-01	1.06E+01
95.5	52.45	2.30	1.06E+01	2.86E-01	1.06E+01
95.6	52.45	2.30	1.06E+01	2.87E-01	1.06E+01
95.7	52.46	2.30	1.07E+01	2.88E-01	1.06E+01
95.8	52.46	2.30	1.07E+01	2.89E-01	1.07E+01
95.9	52.46	2.30	1.07E+01	2.89E-01	1.07E+01
96.0	52.47	2.30	1.07E+01	2.90E-01	1.07E+01
96.1	52.47	2.30	1.08E+01	2.91E-01	1.08E+01
96.2	52.47	2.30	1.08E+01	2.91E-01	1.08E+01
96.3	52.47	2.30	1.08E+01	2.92E-01	1.08E+01
96.4	52.48	2.30	1.08E+01	2.93E-01	1.08E+01
96.5	52.48	2.30	1.09E+01	2.94E-01	1.09E+01
96.6	52.48	2.30	1.09E+01	2.94E-01	1.09E+01
96.7	52.48	2.30	1.09E+01	2.95E-01	1.09E+01
96.8	52.49	2.30	1.09E+01	2.96E-01	1.09E+01
96.9	52.49	2.30	1.10E+01	2.96E-01	1.10E+01
97.0	52.49	2.30	1.10E+01	2.97E-01	1.10E+01
97.1	52.49	2.30	1.10E+01	2.98E-01	1.10E+01
97.2	52.49	2.30	1.10E+01	2.99E-01	1.10E+01
97.3	52.49	2.30	1.11E+01	2.99E-01	1.11E+01
97.4	52.50	2.30	1.11E+01	3.00E-01	1.11E+01
97.5	52.50	2.30	1.11E+01	3.01E-01	1.11E+01
97.6	52.50	2.30	1.12E+01	3.02E-01	1.12E+01
97.7	52.50	2.30	1.12E+01	3.02E-01	1.12E+01
97.8	52.50	2.30	1.12E+01	3.03E-01	1.12E+01
97.9	52.50	2.31	1.12E+01	3.04E-01	1.12E+01
98.0	52.50	2.31	1.13E+01	3.04E-01	1.13E+01
98.1	52.50	2.31	1.13E+01	3.05E-01	1.13E+01
98.2	52.50	2.31	1.13E+01	3.06E-01	1.13E+01
98.3	52.50	2.31	1.13E+01	3.07E-01	1.13E+01
98.4	52.50	2.31	1.14E+01	3.07E-01	1.14E+01
98.5	52.50	2.31	1.14E+01	3.08E-01	1.14E+01
98.6	52.50	2.31	1.14E+01	3.09E-01	1.14E+01
98.7	52.50	2.31	1.15E+01	3.09E-01	1.14E+01
98.8	52.50	2.31	1.15E+01	3.10E-01	1.15E+01
98.9	52.50	2.31	1.15E+01	3.11E-01	1.15E+01
99.0	52.50	2.31	1.15E+01	3.12E-01	1.15E+01
99.1	52.50	2.31	1.16E+01	3.12E-01	1.16E+01
99.2	52.50	2.31	1.16E+01	3.13E-01	1.16E+01
99.3	52.50	2.31	1.16E+01	3.14E-01	1.16E+01
99.4	52.50	2.31	1.16E+01	3.15E-01	1.16E+01
99.5	52.50	2.31	1.17E+01	3.15E-01	1.17E+01
99.6	52.50	2.31	1.17E+01	3.16E-01	1.17E+01
99.7	52.50	2.30	1.17E+01	3.17E-01	1.17E+01
99.8	52.50	2.30	1.17E+01	3.18E-01	1.17E+01
99.9	52.50	2.30	1.18E+01	3.18E-01	1.18E+01
100.0	52.50	2.24	1.18E+01	3.19E-01	1.18E+01
101.0	52.49	2.24	1.21E+01	3.26E-01	1.21E+01
102.0	52.47	2.24	1.24E+01	3.34E-01	1.23E+01
103.0	52.44	2.23	1.26E+01	3.41E-01	1.26E+01
104.0	52.41	2.23	1.29E+01	3.49E-01	1.29E+01
105.0	52.38	2.23	1.32E+01	3.56E-01	1.32E+01
106.0	52.34	2.23	1.35E+01	3.64E-01	1.35E+01
107.0	52.29	2.23	1.37E+01	3.72E-01	1.37E+01
108.0	52.24	2.23	1.40E+01	3.79E-01	1.40E+01
109.0	52.18	2.22	1.43E+01	3.87E-01	1.43E+01
110.0	52.12	2.22	1.46E+01	3.95E-01	1.46E+01
111.0	52.06	2.22	1.49E+01	4.03E-01	1.49E+01
112.0	51.99	2.22	1.52E+01	4.10E-01	1.52E+01
113.0	51.91	2.21	1.55E+01	4.18E-01	1.55E+01
114.0	51.84	2.21	1.58E+01	4.26E-01	1.58E+01
115.0	51.75	2.21	1.61E+01	4.34E-01	1.61E+01
116.0	51.67	2.20	1.64E+01	4.42E-01	1.64E+01
117.0	51.58	2.20	1.67E+01	4.50E-01	1.67E+01
118.0	51.49	2.19	1.70E+01	4.58E-01	1.70E+01
119.0	51.39	2.19	1.73E+01	4.66E-01	1.72E+01
120.0	51.29	2.19	1.76E+01	4.74E-01	1.75E+01
121.0	51.19	2.18	1.79E+01	4.83E-01	1.79E+01
122.0	51.08	2.18	1.82E+01	4.91E-01	1.82E+01
123.0	50.98	2.17	1.85E+01	4.99E-01	1.85E+01
124.0	50.87	2.17	1.88E+01	5.07E-01	1.88E+01
125.0	50.75	2.16	1.91E+01	5.15E-01	1.91E+01
126.0	50.64	2.16	1.94E+01	5.24E-01	1.94E+01
127.0	50.52	2.15	1.97E+01	5.32E-01	1.97E+01
128.0	50.40	2.15	2.00E+01	5.40E-01	2.00E+01
129.0	50.29	2.14	2.03E+01	5.49E-01	2.03E+01
130.0	50.16	2.14	2.06E+01	5.57E-01	2.06E+01
131.0	50.04	2.13	2.09E+01	5.65E-01	2.09E+01
132.0	49.92	2.13	2.12E+01	5.74E-01	2.12E+01
133.0	49.79	2.12	2.15E+01	5.82E-01	2.15E+01
134.0	49.67	2.12	2.19E+01	5.91E-01	2.19E+01
135.0	49.54	2.11	2.22E+01	5.99E-01	2.22E+01
136.0	49.42	2.11	2.25E+01	6.08E-01	2.25E+01
137.0	49.29	2.10	2.28E+01	6.16E-01	2.28E+01
138.0	49.16	2.10	2.31E+01	6.25E-01	2.31E+01
139.0	49.03	2.09	2.34E+01	6.33E-01	2.34E+01
140.0	48.91	2.08	2.38E+01	6.42E-01	2.37E+01
141.0	48.78	2.08	2.41E+01	6.51E-01	2.41E+01
142.0	48.66	2.07	2.44E+01	6.59E-01	2.44E+01
143.0	48.53	2.07	2.47E+01	6.68E-01	2.47E+01
144.0	48.41	2.06	2.50E+01	6.76E-01	2.50E+01
145.0	48.28	2.06	2.53E+01	6.85E-01	2.53E+01
146.0	48.16	2.05	2.57E+01	6.94E-01	2.57E+01
147.0	48.04	2.05	2.60E+01	7.03E-01	2.60E+01
148.0	47.92	2.04	2.63E+01	7.11E-01	2.63E+01
149.0	47.80	2.04	2.66E+01	7.20E-01	2.66E+01
150.0	47.69	1.97	2.70E+01	7.29E-01	2.70E+01
151.0	47.57	1.96	2.73E+01	7.37E-01	2.73E+01
152.0	47.46	1.96	2.76E+01	7.46E-01	2.76E+01
153.0	47.35	1.95	2.79E+01	7.55E-01	2.79E+01
154.0	47.24	1.95	2.83E+01	7.64E-01	2.83E+01
155.0	47.13	1.94	2.86E+01	7.73E-01	2.86E+01
156.0	47.03	1.94	2.89E+01	7.82E-01	2.89E+01
157.0	46.93	1.93	2.92E+01	7.90E-01	2.92E+01
158.0	46.83	1.93	2.96E+01	7.99E-01	2.96E+01
159.0	46.73	1.93	2.99E+01	8.08E-01	2.99E+01
160.0	46.63	1.92	3.02E+01	8.17E-01	3.02E+01
161.0	46.53	1.92	3.06E+01	8.26E-01	3.06E+01
162.0	46.44	1.91	3.09E+01	8.35E-01	3.09E+01
163.0	46.34	1.91	3.12E+01	8.44E-01	3.12E+01
164.0	46.25	1.91	3.16E+01	8.53E-01	3.16E+01
165.0	46.16	1.90	3.19E+01	8.62E-01	3.19E+01
166.0	46.08	1.90	3.22E+01	8.71E-01	3.22E+01
167.0	45.99	1.90	3.26E+01	8.80E-01	3.26E+01
168.0	45.90	1.89	3.29E+01	8.89E-01	3.29E+01
169.0	45.82	1.89	3.32E+01	8.98E-01	3.32E+01
170.0	45.74	1.89	3.36E+01	9.08E-01	3.36E+01
171.0	45.65	1.88	3.39E+01	9.17E-01	3.39E+01
172.0	45.57	1.88	3.43E+01	9.26E-01	3.43E+01
173.0	45.49	1.88	3.46E+01	9.35E-01	3.46E+01
174.0	45.42	1.87	3.49E+01	9.44E-01	3.49E+01
175.0	45.34	1.87	3.53E+01	9.54E-01	3.53E+01
176.0	45.26	1.87	3.56E+01	9.63E-01	3.56E+01
177.0	45.19	1.86	3.60E+01	9.72E-01	3.60E+01
178.0	45.12	1.86	3.63E+01	9.81E-01	3.63E+01
179.0	45.04	1.86	3.67E+01	9.91E-01	3.67E+01
180.0	44.97	1.85	3.70E+01	1.00E+00	3.70E+01
181.0	44.90	1.85	3.74E+01	1.01E+00	3.73E+01
182.0	44.83	1.85	3.77E+01	1.02E+00	3.77E+01
183.0	44.77	1.85	3.81E+01	1.03E+00	3.80E+01
184.0	44.70	1.84	3.84E+01	1.04E+00	3.84E+01
185.0	44.63	1.84	3.88E+01	1.05E+00	3.87E+01
186.0	44.57	1.84	3.91E+01	1.06E+00	3.91E+01
187.0	44.50	1.83	3.95E+01	1.07E+00	3.95E+01
188.0	44.44	1.83	3.98E+01	1.08E+00	3.98E+01
189.0	44.37	1.83	4.02E+01	1.09E+00	4.02E+01
190.0	44.31	1.83	4.05E+01	1.10E+00	4.05E+01
191.0	44.25	1.82	4.09E+01	1.10E+00	4.09E+01
192.0	44.19	1.82	4.12E+01	1.11E+00	4.12E+01
193.0	44.12	1.82	4.16E+01	1.12E+00	4.16E+01
194.0	44.06	1.82	4.20E+01	1.13E+00	4.20E+01
195.0	44.00	1.81	4.23E+01	1.14E+00	4.23E+01
196.0	43.94	1.81	4.27E+01	1.15E+00	4.27E+01
197.0	43.89	1.81	4.30E+01	1.16E+00	4.30E+01
198.0	43.83	1.81	4.34E+01	1.17E+00	4.34E+01
199.0	43.77	1.80	4.38E+01	1.18E+00	4.38E+01
200.0	43.71	1.82	4.41E+01	1.19E+00	4.41E+01
201.0	43.65	1.82	4.45E+01	1.20E+00	4.45E+01
202.0	43.60	1.82	4.49E+01	1.21E+00	4.49E+01
203.0	43.54	1.82	4.52E+01	1.22E+00	4.52E+01
204.0	43.48	1.81	4.56E+01	1.23E+00	4.56E+01
205.0	43.43	1.81	4.60E+01	1.24E+00	4.60E+01
206.0	43.37	1.81	4.63E+01	1.25E+00	4.63E+01
207.0	43.31	1.81	4.67E+01	1.26E+00	4.67E+01
208.0	43.26	1.81	4.71E+01	1.27E+00	4.71E+01
209.0	43.20	1.80	4.74E+01	1.28E+00	4.74E+01
210.0	43.15	1.80	4.78E+01	1.29E+00	4.78E+01
211.0	43.09	1.80	4.82E+01	1.30E+00	4.82E+01
212.0	43.04	1.80	4.86E+01	1.31E+00	4.85E+01
213.0	42.99	1.79	4.89E+01	1.32E+00	4.89E+01
214.0	42.93	1.79	4.93E+01	1.33E+00	4.93E+01
215.0	42.88	1.79	4.97E+01	1.34E+00	4.97E+01
216.0	42.83	1.79	5.00E+01	1.35E+00	5.00E+01
217.0	42.77	1.79	5.04E+01	1.36E+00	5.04E+01
218.0	42.72	1.78	5.08E+01	1.37E+00	5.08E+01
219.0	42.67	1.78	5.12E+01	1.38E+00	5.12E+01
220.0	42.62	1.78	5.15E+01	1.39E+00	5.15E+01
221.0	42.57	1.78	5.19E+01	1.40E+00	5.19E+01
222.0	42.52	1.77	5.23E+01	1.41E+00	5.23E+01
223.0	42.46	1.77	5.27E+01	1.42E+00	5.27E+01
224.0	42.41	1.77	5.31E+01	1.43E+00	5.30E+01
225.0	42.36	1.77	5.34E+01	1.44E+00	5.34E+01
226.0	42.31	1.77	5.38E+01	1.45E+00	5.38E+01
227.0	42.26	1.76	5.42E+01	1.46E+00	5.42E+01
228.0	42.21	1.76	5.46E+01	1.47E+00	5.46E+01
229.0	42.16	1.76	5.50E+01	1.49E+00	5.49E+01
230.0	42.12	1.76	5.53E+01	1.50E+00	5.53E+01
231.0	42.07	1.76	5.57E+01	1.51E+00	5.57E+01
232.0	42.02	1.75	5.61E+01	1.52E+00	5.61E+01
233.0	41.97	1.75	5.65E+01	1.53E+00	5.65E+01
234.0	41.92	1.75	5.69E+01	1.54E+00	5.69E+01
235.0	41.88	1.75	5.73E+01	1.55E+00	5.72E+01
236.0	41.83	1.75	5.76E+01	1.56E+00	5.76E+01
237.0	41.78	1.74	5.80E+01	1.57E+00	5.80E+01
238.0	41.73	1.74	5.84E+01	1.58E+00	5.84E+01
239.0	41.69	1.74	5.88E+01	1.59E+00	5.88E+01
240.0	41.64	1.74	5.92E+01	1.60E+00	5.92E+01
241.0	41.60	1.74	5.96E+01	1.61E+00	5.95E+01
242.0	41.55	1.73	5.99E+01	1.62E+00	5.99E+01
243.0	41.50	1.73	6.03E+01	1.63E+00	6.03E+01
244.0	41.46	1.73	6.07E+01	1.64E+00	6.07E+01
245.0	41.41	1.73	6.11E+01	1.65E+00	6.11E+01
246.0	41.37	1.73	6.15E+01	1.66E+00	6.15E+01
247.0	41.33	1.72	6.19E+01	1.67E+00	6.19E+01
248.0	41.28	1.72	6.23E+01	1.68E+00	6.23E+01
249.0	41.24	1.72	6.27E+01	1.69E+00	6.27E+01
250.0	41.19	1.72	6.31E+01	1.70E+00	6.30E+01
251.0	41.15	1.72	6.34E+01	1.71E+00	6.34E+01
252.0	41.11	1.72	6.38E+01	1.73E+00	6.38E+01
253.0	41.07	1.71	6.42E+01	1.74E+00	6.42E+01
254.0	41.02	1.71	6.46E+01	1.75E+00	6.46E+01
255.0	40.98	1.71	6.50E+01	1.76E+00	6.50E+01
256.0	40.94	1.71	6.54E+01	1.77E+00	6.54E+01
257.0	40.90	1.71	6.58E+01	1.78E+00	6.58E+01
258.0	40.85	1.70	6.62E+01	1.79E+00	6.62E+01
259.0	40.81	1.70	6.66E+01	1.80E+00	6.66E+01
260.0	40.77	1.70	6.70E+01	1.81E+00	6.70E+01
261.0	40.73	1.70	6.74E+01	1.82E+00	6.74E+01
262.0	40.69	1.70	6.78E+01	1.83E+00	6.78E+01
263.0	40.65	1.70	6.82E+01	1.84E+00	6.82E+01
264.0	40.61	1.69	6.86E+01	1.85E+00	6.85E+01
265.0	40.57	1.69	6.90E+01	1.86E+00	6.89E+01
266.0	40.53	1.69	6.94E+01	1.87E+00	6.93E+01
267.0	40.49	1.69	6.98E+01	1.89E+00	6.97E+01
268.0	40.45	1.69	7.02E+01	1.90E+00	7.01E+01
269.0	40.41	1.69	7.05E+01	1.91E+00	7.05E+01
270.0	40.38	1.68	7.09E+01	1.92E+00	7.09E+01
271.0	40.34	1.68	7.13E+01	1.93E+00	7.13E+01
272.0	40.30	1.68	7.17E+01	1.94E+00	7.17E+01
273.0	40.26	1.68	7.21E+01	1.95E+00	7.21E+01
274.0	40.22	1.68	7.25E+01	1.96E+00	7.25E+01
275.0	40.19	1.68	7.29E+01	1.97E+00	7.29E+01
276.0	40.15	1.68	7.33E+01	1.98E+00	7.33E+01
277.0	40.11	1.67	7.37E+01	1.99E+00	7.37E+01
278.0	40.07	1.67	7.41E+01	2.00E+00	7.41E+01
279.0	40.04	1.67	7.46E+01	2.01E+00	7.45E+01
280.0	40.00	1.67	7.50E+01	2.03E+00	7.49E+01
281.0	39.96	1.67	7.54E+01	2.04E+00	7.53E+01
282.0	39.93	1.67	7.58E+01	2.05E+00	7.57E+01
283.0	39.89	1.66	7.62E+01	2.06E+00	7.61E+01
284.0	39.86	1.66	7.66E+01	2.07E+00	7.66E+01
285.0	39.82	1.66	7.70E+01	2.08E+00	7.70E+01
286.0	39.79	1.66	7.74E+01	2.09E+00	7.74E+01
287.0	39.75	1.66	7.78E+01	2.10E+00	7.78E+01
288.0	39.72	1.66	7.82E+01	2.11E+00	7.82E+01
289.0	39.68	1.66	7.86E+01	2.12E+00	7.86E+01
290.0	39.65	1.65	7.90E+01	2.14E+00	7.90E+01
291.0	39.61	1.65	7.94E+01	2.15E+00	7.94E+01
292.0	39.58	1.65	7.98E+01	2.16E+00	7.98E+01
293.0	39.55	1.65	8.02E+01	2.17E+00	8.02E+01
294.0	39.51	1.65	8.06E+01	2.18E+00	8.06E+01
295.0	39.48	1.65	8.10E+01	2.19E+00	8.10E+01
296.0	39.45	1.65	8.14E+01	2.20E+00	8.14E+01
297.0	39.41	1.64	8.19E+01	2.21E+00	8.18E+01
298.0	39.38	1.64	8.23E+01	2.22E+00	8.22E+01
299.0	39.35	1.64	8.27E+01	2.23E+00	8.27E+01
300.0	39.32	1.75	8.31E+01	2.25E+00	8.31E+01
301.0	39.28	1.75	8.35E+01	2.26E+00	8.35E+01
302.0	39.25	1.75	8.39E+01	2.27E+00	8.39E+01
303.0	39.22	1.75	8.43E+01	2.28E+00	8.43E+01
304.0	39.19	1.75	8.47E+01	2.29E+00	8.47E+01
305.0	39.16	1.75	8.51E+01	2.30E+00	8.51E+01
306.0	39.13	1.74	8.55E+01	2.31E+00	8.55E+01
307.0	39.10	1.74	8.60E+01	2.32E+00	8.59E+01
308.0	39.06	1.74	8.64E+01	2.33E+00	8.64E+01
309.0	39.03	1.74	8.68E+01	2.35E+00	8.68E+01
310.0	39.00	1.74	8.72E+01	2.36E+00	8.72E+01
311.0	38.97	1.74	8.76E+01	2.37E+00	8.76E+01
312.0	38.94	1.74	8.80E+01	2.38E+00	8.80E+01
313.0	38.91	1.74	8.84E+01	2.39E+00	8.84E+01
314.0	38.88	1.73	8.89E+01	2.40E+00	8.88E+01
315.0	38.85	1.73	8.93E+01	2.41E+00	8.93E+01
316.0	38.82	1.73	8.97E+01	2.42E+00	8.97E+01
317.0	38.80	1.73	9.01E+01	2.44E+00	9.01E+01
318.0	38.77	1.73	9.05E+01	2.45E+00	9.05E+01
319.0	38.74	1.73	9.09E+01	2.46E+00	9.09E+01
320.0	38.71	1.73	9.14E+01	2.47E+00	9.13E+01
321.0	38.68	1.72	9.18E+01	2.48E+00	9.17E+01
322.0	38.65	1.72	9.22E+01	2.49E+00	9.22E+01
323.0	38.62	1.72	9.26E+01	2.50E+00	9.26E+01
324.0	38.60	1.72	9.30E+01	2.51E+00	9.30E+01
325.0	38.57	1.72	9.34E+01	2.53E+00	9.34E+01
326.0	38.54	1.72	9.39E+01	2.54E+00	9.38E+01
327.0	38.51	1.72	9.43E+01	2.55E+00	9.43E+01
328.0	38.48	1.72	9.47E+01	2.56E+00	9.47E+01
329.0	38.46	1.71	9.51E+01	2.57E+00	9.51E+01
330.0	38.43	1.71	9.55E+01	2.58E+00	9.55E+01
331.0	38.40	1.71	9.60E+01	2.59E+00	9.59E+01
332.0	38.38	1.71	9.64E+01	2.60E+00	9.64E+01
333.0	38.35	1.71	9.68E+01	2.62E+00	9.68E+01
334.0	38.32	1.71	9.72E+01	2.63E+00	9.72E+01
335.0	38.30	1.71	9.76E+01	2.64E+00	9.76E+01
336.0	38.27	1.71	9.81E+01	2.65E+00	9.80E+01
337.0	38.24	1.71	9.85E+01	2.66E+00	9.85E+01
338.0	38.22	1.70	9.89E+01	2.67E+00	9.89E+01
339.0	38.19	1.70	9.93E+01	2.68E+00	9.93E+01
340.0	38.17	1.70	9.98E+01	2.70E+00	9.97E+01
341.0	38.14	1.70	1.00E+02	2.71E+00	1.00E+02
342.0	38.12	1.70	1.01E+02	2.72E+00	1.01E+02
343.0	38.09	1.70	1.01E+02	2.73E+00	1.01E+02
344.0	38.07	1.70	1.01E+02	2.74E+00	1.01E+02
345.0	38.04	1.70	1.02E+02	2.75E+00	1.02E+02
346.0	38.02	1.70	1.02E+02	2.77E+00	1.02E+02
347.0	37.99	1.69	1.03E+02	2.78E+00	1.03E+02
348.0	37.97	1.69	1.03E+02	2.79E+00	1.03E+02
349.0	37.94	1.69	1.04E+02	2.80E+00	1.04E+02
350.0	37.92	1.69	1.04E+02	2.81E+00	1.04E+02
351.0	37.89	1.69	1.04E+02	2.82E+00	1.04E+02
352.0	37.87	1.69	1.05E+02	2.83E+00	1.05E+02
353.0	37.85	1.69	1.05E+02	2.85E+00	1.05E+02
354.0	37.82	1.69	1.06E+02	2.86E+00	1.06E+02
355.0	37.80	1.69	1.06E+02	2.87E+00	1.06E+02
356.0	37.77	1.68	1.07E+02	2.88E+00	1.07E+02
357.0	37.75	1.68	1.07E+02	2.89E+00	1.07E+02
358.0	37.73	1.68	1.07E+02	2.90E+00	1.07E+02
359.0	37.70	1.68	1.08E+02	2.92E+00	1.08E+02
360.0	37.68	1.68	1.08E+02	2.93E+00	1.08E+02
361.0	37.66	1.68	1.09E+02	2.94E+00	1.09E+02
362.0	37.64	1.68	1.09E+02	2.95E+00	1.09E+02
363.0	37.61	1.68	1.10E+02	2.96E+00	1.10E+02
364.0	37.59	1.68	1.10E+02	2.97E+00	1.10E+02
365.0	37.57	1.68	1.10E+02	2.99E+00	1.10E+02
366.0	37.54	1.67	1.11E+02	3.00E+00	1.11E+02
367.0	37.52	1.67	1.11E+02	3.01E+00	1.11E+02
368.0	37.50	1.67	1.12E+02	3.02E+00	1.12E+02
369.0	37.48	1.67	1.12E+02	3.03E+00	1.12E+02
370.0	37.46	1.67	1.13E+02	3.04E+00	1.13E+02
371.0	37.43	1.67	1.13E+02	3.06E+00	1.13E+02
372.0	37.41	1.67	1.14E+02	3.07E+00	1.13E+02
373.0	37.39	1.67	1.14E+02	3.08E+00	1.14E+02
374.0	37.37	1.67	1.14E+02	3.09E+00	1.14E+02
375.0	37.35	1.67	1.15E+02	3.10E+00	1.15E+02
376.0	37.32	1.66	1.15E+02	3.11E+00	1.15E+02
377.0	37.30	1.66	1.16E+02	3.13E+00	1.16E+02
378.0	37.28	1.66	1.16E+02	3.14E+00	1.16E+02
379.0	37.26	1.66	1.17E+02	3.15E+00	1.17E+02
380.0	37.24	1.66	1.17E+02	3.16E+00	1.17E+02
381.0	37.22	1.66	1.17E+02	3.17E+00	1.17E+02
382.0	37.20	1.66	1.18E+02	3.19E+00	1.18E+02
383.0	37.18	1.66	1.18E+02	3.20E+00	1.18E+02
384.0	37.16	1.66	1.19E+02	3.21E+00	1.19E+02
385.0	37.13	1.66	1.19E+02	3.22E+00	1.19E+02
386.0	37.11	1.65	1.20E+02	3.23E+00	1.20E+02
387.0	37.09	1.65	1.20E+02	3.25E+00	1.20E+02
388.0	37.07	1.65	1.21E+02	3.26E+00	1.20E+02
389.0	37.05	1.65	1.21E+02	3.27E+00	1.21E+02
390.0	37.03	1.65	1.21E+02	3.28E+00	1.21E+02
391.0	37.01	1.65	1.22E+02	3.29E+00	1.22E+02
392.0	36.99	1.65	1.22E+02	3.30E+00	1.22E+02
393.0	36.97	1.65	1.23E+02	3.32E+00	1.23E+02
394.0	36.95	1.65	1.23E+02	3.33E+00	1.23E+02
395.0	36.93	1.65	1.24E+02	3.34E+00	1.24E+02
396.0	36.91	1.65	1.24E+02	3.35E+00	1.24E+02
397.0	36.89	1.64	1.25E+02	3.36E+00	1.24E+02
398.0	36.87	1.64	1.25E+02	3.38E+00	1.25E+02
399.0	36.85	1.64	1.25E+02	3.39E+00	1.25E+02
400.0	36.83	1.78	1.26E+02	3.40E+00	1.26E+02
401.0	36.81	1.78	1.26E+02	3.41E+00	1.26E+02
402.0	36.79	1.78	1.27E+02	3.43E+00	1.27E+02
403.0	36.77	1.77	1.27E+02	3.44E+00	1.27E+02
404.0	36.75	1.77	1.28E+02	3.45E+00	1.28E+02
405.0	36.73	1.77	1.28E+02	3.46E+00	1.28E+02
406.0	36.71	1.77	1.29E+02	3.47E+00	1.29E+02
407.0	36.69	1.77	1.29E+02	3.49E+00	1.29E+02
408.0	36.67	1.77	1.29E+02	3.50E+00	1.29E+02
409.0	36.66	1.77	1.30E+02	3.51E+00	1.30E+02
410.0	36.64	1.77	1.30E+02	3.52E+00	1.30E+02
411.0	36.62	1.77	1.31E+02	3.53E+00	1.31E+02
412.0	36.60	1.77	1.31E+02	3.55E+00	1.31E+02
413.0	36.58	1.77	1.32E+02	3.56E+00	1.32E+02
414.0	36.56	1.76	1.32E+02	3.57E+00	1.32E+02
415.0	36.54	1.76	1.33E+02	3.58E+00	1.33E+02
416.0	36.52	1.76	1.33E+02	3.60E+00	1.33E+02
417.0	36.50	1.76	1.33E+02	3.61E+00	1.33E+02
418.0	36.48	1.76	1.34E+02	3.62E+00	1.34E+02
419.0	36.47	1.76	1.34E+02	3.63E+00	1.34E+02
420.0	36.45	1.76	1.35E+02	3.64E+00	1.35E+02
421.0	36.43	1.76	1.35E+02	3.66E+00	1.35E+02
422.0	36.41	1.76	1.36E+02	3.67E+00	1.36E+02
423.0	36.39	1.76	1.36E+02	3.68E+00	1.36E+02
424.0	36.37	1.76	1.37E+02	3.69E+00	1.37E+02
425.0	36.35	1.75	1.37E+02	3.71E+00	1.37E+02
426.0	36.34	1.75	1.38E+02	3.72E+00	1.38E+02
427.0	36.32	1.75	1.38E+02	3.73E+00	1.38E+02
428.0	36.30	1.75	1.38E+02	3.74E+00	1.38E+02
429.0	36.28	1.75	1.39E+02	3.76E+00	1.39E+02
430.0	36.26	1.75	1.39E+02	3.77E+00	1.39E+02
431.0	36.24	1.75	1.40E+02	3.78E+00	1.40E+02
432.0	36.23	1.75	1.40E+02	3.79E+00	1.40E+02
433.0	36.21	1.75	1.41E+02	3.80E+00	1.41E+02
434.0	36.19	1.75	1.41E+02	3.82E+00	1.41E+02
435.0	36.17	1.75	1.42E+02	3.83E+00	1.42E+02
436.0	36.15	1.74	1.42E+02	3.84E+00	1.42E+02
437.0	36.14	1.74	1.43E+02	3.85E+00	1.43E+02
438.0	36.12	1.74	1.43E+02	3.87E+00	1.43E+02
439.0	36.10	1.74	1.44E+02	3.88E+00	1.43E+02
440.0	36.08	1.74	1.44E+02	3.89E+00	1.44E+02
441.0	36.07	1.74	1.44E+02	3.90E+00	1.44E+02
442.0	36.05	1.74	1.45E+02	3.92E+00	1.45E+02
443.0	36.03	1.74	1.45E+02	3.93E+00	1.45E+02
444.0	36.01	1.74	1.46E+02	3.94E+00	1.46E+02
445.0	36.00	1.74	1.46E+02	3.95E+00	1.46E+02
446.0	35.98	1.74	1.47E+02	3.97E+00	1.47E+02
447.0	35.96	1.74	1.47E+02	3.98E+00	1.47E+02
448.0	35.94	1.73	1.48E+02	3.99E+00	1.48E+02
449.0	35.93	1.73	1.48E+02	4.00E+00	1.48E+02
450.0	35.91	1.73	1.49E+02	4.02E+00	1.49E+02
451.0	35.89	1.73	1.49E+02	4.03E+00	1.49E+02
452.0	35.87	1.73	1.50E+02	4.04E+00	1.49E+02
453.0	35.86	1.73	1.50E+02	4.05E+00	1.50E+02
454.0	35.84	1.73	1.50E+02	4.07E+00	1.50E+02
455.0	35.82	1.73	1.51E+02	4.08E+00	1.51E+02
456.0	35.81	1.73	1.51E+02	4.09E+00	1.51E+02
457.0	35.79	1.73	1.52E+02	4.10E+00	1.52E+02
458.0	35.77	1.73	1.52E+02	4.12E+00	1.52E+02
459.0	35.76	1.73	1.53E+02	4.13E+00	1.53E+02
460.0	35.74	1.72	1.53E+02	4.14E+00	1.53E+02
461.0	35.72	1.72	1.54E+02	4.15E+00	1.54E+02
462.0	35.71	1.72	1.54E+02	4.17E+00	1.54E+02
463.0	35.69	1.72	1.55E+02	4.18E+00	1.55E+02
464.0	35.67	1.72	1.55E+02	4.19E+00	1.55E+02
465.0	35.66	1.72	1.56E+02	4.20E+00	1.55E+02
466.0	35.64	1.72	1.56E+02	4.22E+00	1.56E+02
467.0	35.62	1.72	1.56E+02	4.23E+00	1.56E+02
468.0	35.61	1.72	1.57E+02	4.24E+00	1.57E+02
469.0	35.59	1.72	1.57E+02	4.25E+00	1.57E+02
470.0	35.57	1.72	1.58E+02	4.27E+00	1.58E+02
471.0	35.56	1.72	1.58E+02	4.28E+00	1.58E+02
472.0	35.54	1.72	1.59E+02	4.29E+00	1.59E+02
473.0	35.53	1.71	1.59E+02	4.30E+00	1.59E+02
474.0	35.51	1.71	1.60E+02	4.32E+00	1.60E+02
475.0	35.49	1.71	1.60E+02	4.33E+00	1.60E+02
476.0	35.48	1.71	1.61E+02	4.34E+00	1.61E+02
477.0	35.46	1.71	1.61E+02	4.35E+00	1.61E+02
478.0	35.44	1.71	1.62E+02	4.37E+00	1.62E+02
479.0	35.43	1.71	1.62E+02	4.38E+00	1.62E+02
480.0	35.41	1.71	1.63E+02	4.39E+00	1.62E+02
481.0	35.40	1.71	1.63E+02	4.40E+00	1.63E+02
482.0	35.38	1.71	1.63E+02	4.42E+00	1.63E+02
483.0	35.37	1.71	1.64E+02	4.43E+00	1.64E+02
484.0	35.35	1.71	1.64E+02	4.44E+00	1.64E+02
485.0	35.33	1.71	1.65E+02	4.46E+00	1.65E+02
486.0	35.32	1.70	1.65E+02	4.47E+00	1.65E+02
487.0	35.30	1.70	1.66E+02	4.48E+00	1.66E+02
488.0	35.29	1.70	1.66E+02	4.49E+00	1.66E+02
489.0	35.27	1.70	1.67E+02	4.51E+00	1.67E+02
490.0	35.26	1.70	1.67E+02	4.52E+00	1.67E+02
491.0	35.24	1.70	1.68E+02	4.53E+00	1.68E+02
492.0	35.23	1.70	1.68E+02	4.54E+00	1.68E+02
493.0	35.21	1.70	1.69E+02	4.56E+00	1.69E+02
494.0	35.20	1.70	1.69E+02	4.57E+00	1.69E+02
495.0	35.18	1.70	1.70E+02	4.58E+00	1.70E+02
496.0	35.16	1.70	1.70E+02	4.59E+00	1.70E+02
497.0	35.15	1.70	1.70E+02	4.61E+00	1.70E+02
498.0	35.13	1.70	1.71E+02	4.62E+00	1.71E+02
499.0	35.12	1.69	1.71E+02	4.63E+00	1.71E+02
500.0	35.10	1.78	1.72E+02	4.65E+00	1.72E+02
501.0	35.09	1.78	1.72E+02	4.66E+00	1.72E+02
502.0	35.07	1.78	1.73E+02	4.67E+00	1.73E+02
503.0	35.06	1.78	1.73E+02	4.68E+00	1.73E+02
504.0	35.04	1.78	1.74E+02	4.70E+00	1.74E+02
505.0	35.03	1.78	1.74E+02	4.71E+00	1.74E+02
506.0	35.01	1.78	1.75E+02	4.72E+00	1.75E+02
507.0	35.00	1.78	1.75E+02	4.73E+00	1.75E+02
508.0	34.98	1.77	1.76E+02	4.75E+00	1.76E+02
509.0	34.97	1.77	1.76E+02	4.76E+00	1.76E+02
510.0	34.96	1.77	1.77E+02	4.77E+00	1.77E+02
511.0	34.94	1.77	1.77E+02	4.79E+00	1.77E+02
512.0	34.93	1.77	1.78E+02	4.80E+00	1.78E+02
513.0	34.91	1.77	1.78E+02	4.81E+00	1.78E+02
514.0	34.90	1.77	1.78E+02	4.82E+00	1.78E+02
515.0	34.88	1.77	1.79E+02	4.84E+00	1.79E+02
516.0	34.87	1.77	1.79E+02	4.85E+00	1.79E+02
517.0	34.85	1.77	1.80E+02	4.86E+00	1.80E+02
518.0	34.84	1.77	1.80E+02	4.87E+00	1.80E+02
519.0	34.82	1.77	1.81E+02	4.89E+00	1.81E+02
520.0	34.81	1.77	1.81E+02	4.90E+00	1.81E+02
521.0	34.80	1.77	1.82E+02	4.91E+00	1.82E+02
522.0	34.78	1.76	1.82E+02	4.93E+00	1.82E+02
523.0	34.77	1.76	1.83E+02	4.94E+00	1.83E+02
524.0	34.75	1.76	1.83E+02	4.95E+00	1.83E+02
525.0	34.74	1.76	1.84E+02	4.96E+00	1.84E+02
526.0	34.72	1.76	1.84E+02	4.98E+00	1.84E+02
527.0	34.71	1.76	1.85E+02	4.99E+00	1.85E+02
528.0	34.70	1.76	1.85E+02	5.00E+00	1.85E+02
529.0	34.68	1.76	1.86E+02	5.02E+00	1.86E+02
530.0	34.67	1.76	1.86E+02	5.03E+00	1.86E+02
531.0	34.65	1.76	1.87E+02	5.04E+00	1.86E+02
532.0	34.64	1.76	1.87E+02	5.05E+00	1.87E+02
533.0	34.63	1.76	1.87E+02	5.07E+00	1.87E+02
534.0	34.61	1.76	1.88E+02	5.08E+00	1.88E+02
535.0	34.60	1.76	1.88E+02	5.09E+00	1.88E+02
536.0	34.59	1.75	1.89E+02	5.11E+00	1.89E+02
537.0	34.57	1.75	1.89E+02	5.12E+00	1.89E+02
538.0	34.56	1.75	1.90E+02	5.13E+00	1.90E+02
539.0	34.54	1.75	1.90E+02	5.14E+00	1.90E+02
540.0	34.53	1.75	1.91E+02	5.16E+00	1.91E+02
541.0	34.52	1.75	1.91E+02	5.17E+00	1.91E+02
542.0	34.50	1.75	1.92E+02	5.18E+00	1.92E+02
543.0	34.49	1.75	1.92E+02	5.20E+00	1.92E+02
544.0	34.48	1.75	1.93E+02	5.21E+00	1.93E+02
545.0	34.46	1.75	1.93E+02	5.22E+00	1.93E+02
546.0	34.45	1.75	1.94E+02	5.23E+00	1.94E+02
547.0	34.44	1.75	1.94E+02	5.25E+00	1.94E+02
548.0	34.42	1.75	1.95E+02	5.26E+00	1.95E+02
549.0	34.41	1.75	1.95E+02	5.27E+00	1.95E+02
550.0	34.39	1.74	1.96E+02	5.29E+00	1.96E+02
551.0	34.38	1.74	1.96E+02	5.30E+00	1.96E+02
552.0	34.37	1.74	1.96E+02	5.31E+00	1.96E+02
553.0	34.35	1.74	1.97E+02	5.32E+00	1.97E+02
554.0	34.34	1.74	1.97E+02	5.34E+00	1.97E+02
555.0	34.33	1.74	1.98E+02	5.35E+00	1.98E+02
556.0	34.32	1.74	1.98E+02	5.36E+00	1.98E+02
557.0	34.30	1.74	1.99E+02	5.38E+00	1.99E+02
558.0	34.29	1.74	1.99E+02	5.39E+00	1.99E+02
559.0	34.28	1.74	2.00E+02	5.40E+00	2.00E+02
560.0	34.26	1.74	2.00E+02	5.41E+00	2.00E+02
561.0	34.25	1.74	2.01E+02	5.43E+00	2.01E+02
562.0	34.24	1.74	2.01E+02	5.44E+00	2.01E+02
563.0	34.22	1.74	2.02E+02	5.45E+00	2.02E+02
564.0	34.21	1.74	2.02E+02	5.47E+00	2.02E+02
565.0	34.20	1.73	2.03E+02	5.48E+00	2.03E+02
566.0	34.18	1.73	2.03E+02	5.49E+00	2.03E+02
567.0	34.17	1.73	2.04E+02	5.50E+00	2.04E+02
568.0	34.16	1.73	2.04E+02	5.52E+00	2.04E+02
569.0	34.15	1.73	2.05E+02	5.53E+00	2.05E+02
570.0	34.13	1.73	2.05E+02	5.54E+00	2.05E+02
571.0	34.12	1.73	2.06E+02	5.56E+00	2.06E+02
572.0	34.11	1.73	2.06E+02	5.57E+00	2.06E+02
573.0	34.09	1.73	2.07E+02	5.58E+00	2.06E+02
574.0	34.08	1.73	2.07E+02	5.59E+00	2.07E+02
575.0	34.07	1.73	2.07E+02	5.61E+00	2.07E+02
576.0	34.06	1.73	2.08E+02	5.62E+00	2.08E+02
577.0	34.04	1.73	2.08E+02	5.63E+00	2.08E+02
578.0	34.03	1.73	2.09E+02	5.65E+00	2.09E+02
579.0	34.02	1.73	2.09E+02	5.66E+00	2.09E+02
580.0	34.01	1.73	2.10E+02	5.67E+00	2.10E+02
581.0	33.99	1.72	2.10E+02	5.69E+00	2.10E+02
582.0	33.98	1.72	2.11E+02	5.70E+00	2.11E+02
583.0	33.97	1.72	2.11E+02	5.71E+00	2.11E+02
584.0	33.96	1.72	2.12E+02	5.72E+00	2.12E+02
585.0	33.94	1.72	2.12E+02	5.74E+00	2.12E+02
586.0	33.93	1.72	2.13E+02	5.75E+00	2.13E+02
587.0	33.92	1.72	2.13E+02	5.76E+00	2.13E+02
588.0	33.91	1.72	2.14E+02	5.78E+00	2.14E+02
589.0	33.89	1.72	2.14E+02	5.79E+00	2.14E+02
590.0	33.88	1.72	2.15E+02	5.80E+00	2.15E+02
591.0	33.87	1.72	2.15E+02	5.81E+00	2.15E+02
592.0	33.86	1.72	2.16E+02	5.83E+00	2.16E+02
593.0	33.84	1.72	2.16E+02	5.84E+00	2.16E+02
594.0	33.83	1.72	2.17E+02	5.85E+00	2.17E+02
595.0	33.82	1.72	2.17E+02	5.87E+00	2.17E+02
596.0	33.81	1.72	2.18E+02	5.88E+00	2.18E+02
597.0	33.80	1.71	2.18E+02	5.89E+00	2.18E+02
598.0	33.78	1.71	2.19E+02	5.91E+00	2.18E+02
599.0	33.77	1.71	2.19E+02	5.92E+00	2.19E+02
600.0	33.76	1.77	2.19E+02	5.93E+00	2.19E+02
601.0	33.75	1.77	2.20E+02	5.94E+00	2.20E+02
602.0	33.73	1.77	2.20E+02	5.96E+00	2.20E+02
603.0	33.72	1.77	2.21E+02	5.97E+00	2.21E+02
604.0	33.71	1.77	2.21E+02	5.98E+00	2.21E+02
605.0	33.70	1.77	2.22E+02	6.00E+00	2.22E+02
606.0	33.69	1.77	2.22E+02	6.01E+00	2.22E+02
607.0	33.67	1.77	2.23E+02	6.02E+00	2.23E+02
608.0	33.66	1.77	2.23E+02	6.04E+00	2.23E+02
609.0	33.65	1.76	2.24E+02	6.05E+00	2.24E+02
610.0	33.64	1.76	2.24E+02	6.06E+00	2.24E+02
611.0	33.63	1.76	2.25E+02	6.07E+00	2.25E+02
612.0	33.61	1.76	2.25E+02	6.09E+00	2.25E+02
613.0	33.60	1.76	2.26E+02	6.10E+00	2.26E+02
614.0	33.59	1.76	2.26E+02	6.11E+00	2.26E+02
615.0	33.58	1.76	2.27E+02	6.13E+00	2.27E+02
616.0	33.57	1.76	2.27E+02	6.14E+00	2.27E+02
617.0	33.56	1.76	2.28E+02	6.15E+00	2.28E+02
618.0	33.54	1.76	2.28E+02	6.17E+00	2.28E+02
619.0	33.53	1.76	2.29E+02	6.18E+00	2.29E+02
620.0	33.52	1.76	2.29E+02	6.19E+00	2.29E+02
621.0	33.51	1.76	2.30E+02	6.21E+00	2.30E+02
622.0	33.50	1.76	2.30E+02	6.22E+00	2.30E+02
623.0	33.49	1.76	2.31E+02	6.23E+00	2.31E+02
624.0	33.47	1.76	2.31E+02	6.24E+00	2.31E+02
625.0	33.46	1.75	2.32E+02	6.26E+00	2.31E+02
626.0	33.45	1.75	2.32E+02	6.27E+00	2.32E+02
627.0	33.44	1.75	2.33E+02	6.28E+00	2.32E+02
628.0	33.43	1.75	2.33E+02	6.30E+00	2.33E+02
629.0	33.42	1.75	2.33E+02	6.31E+00	2.33E+02
630.0	33.40	1.75	2.34E+02	6.32E+00	2.34E+02
631.0	33.39	1.75	2.34E+02	6.34E+00	2.34E+02
632.0	33.38	1.75	2.35E+02	6.35E+00	2.35E+02
633.0	33.37	1.75	2.35E+02	6.36E+00	2.35E+02
634.0	33.36	1.75	2.36E+02	6.38E+00	2.36E+02
635.0	33.35	1.75	2.36E+02	6.39E+00	2.36E+02
636.0	33.33	1.75	2.37E+02	6.40E+00	2.37E+02
637.0	33.32	1.75	2.37E+02	6.41E+00	2.37E+02
638.0	33.31	1.75	2.38E+02	6.43E+00	2.38E+02
639.0	33.30	1.75	2.38E+02	6.44E+00	2.38E+02
640.0	33.29	1.75	2.39E+02	6.45E+00	2.39E+02
641.0	33.28	1.74	2.39E+02	6.47E+00	2.39E+02
642.0	33.27	1.74	2.40E+02	6.48E+00	2.40E+02
643.0	33.25	1.74	2.40E+02	6.49E+00	2.40E+02
644.0	33.24	1.74	2.41E+02	6.51E+00	2.41E+02
645.0	33.23	1.74	2.41E+02	6.52E+00	2.41E+02
646.0	33.22	1.74	2.42E+02	6.53E+00	2.42E+02
647.0	33.21	1.74	2.42E+02	6.55E+00	2.42E+02
648.0	33.20	1.74	2.43E+02	6.56E+00	2.43E+02
649.0	33.19	1.74	2.43E+02	6.57E+00	2.43E+02
650.0	33.18	1.74	2.44E+02	6.59E+00	2.44E+02
651.0	33.16	1.74	2.44E+02	6.60E+00	2.44E+02
652.0	33.15	1.74	2.45E+02	6.61E+00	2.45E+02
653.0	33.14	1.74	2.45E+02	6.62E+00	2.45E+02
654.0	33.13	1.74	2.46E+02	6.64E+00	2.46E+02
655.0	33.12	1.74	2.46E+02	6.65E+00	2.46E+02
656.0	33.11	1.74	2.47E+02	6.66E+00	2.47E+02
657.0	33.10	1.74	2.47E+02	6.68E+00	2.47E+02
658.0	33.09	1.73	2.48E+02	6.69E+00	2.48E+02
659.0	33.08	1.73	2.48E+02	6.70E+00	2.48E+02
660.0	33.07	1.73	2.49E+02	6.72E+00	2.48E+02
661.0	33.05	1.73	2.49E+02	6.73E+00	2.49E+02
662.0	33.04	1.73	2.50E+02	6.74E+00	2.49E+02
663.0	33.03	1.73	2.50E+02	6.76E+00	2.50E+02
664.0	33.02	1.73	2.50E+02	6.77E+00	2.50E+02
665.0	33.01	1.73	2.51E+02	6.78E+00	2.51E+02
666.0	33.00	1.73	2.51E+02	6.80E+00	2.51E+02
667.0	32.99	1.73	2.52E+02	6.81E+00	2.52E+02
668.0	32.98	1.73	2.52E+02	6.82E+00	2.52E+02
669.0	32.97	1.73	2.53E+02	6.84E+00	2.53E+02
670.0	32.96	1.73	2.53E+02	6.85E+00	2.53E+02
671.0	32.94	1.73	2.54E+02	6.86E+00	2.54E+02
672.0	32.93	1.73	2.54E+02	6.88E+00	2.54E+02
673.0	32.92	1.73	2.55E+02	6.89E+00	2.55E+02
674.0	32.91	1.73	2.55E+02	6.90E+00	2.55E+02
675.0	32.90	1.73	2.56E+02	6.92E+00	2.56E+02
676.0	32.89	1.72	2.56E+02	6.93E+00	2.56E+02
677.0	32.88	1.72	2.57E+02	6.94E+00	2.57E+02
678.0	32.87	1.72	2.57E+02	6.95E+00	2.57E+02
679.0	32.86	1.72	2.58E+02	6.97E+00	2.58E+02
680.0	32.85	1.72	2.58E+02	6.98E+00	2.58E+02
681.0	32.84	1.72	2.59E+02	6.99E+00	2.59E+02
682.0	32.83	1.72	2.59E+02	7.01E+00	2.59E+02
683.0	32.82	1.72	2.60E+02	7.02E+00	2.60E+02
684.0	32.81	1.72	2.60E+02	7.03E+00	2.60E+02
685.0	32.79	1.72	2.61E+02	7.05E+00	2.61E+02
686.0	32.78	1.72	2.61E+02	7.06E+00	2.61E+02
687.0	32.77	1.72	2.62E+02	7.07E+00	2.62E+02
688.0	32.76	1.72	2.62E+02	7.09E+00	2.62E+02
689.0	32.75	1.72	2.63E+02	7.10E+00	2.63E+02
690.0	32.74	1.72	2.63E+02	7.11E+00	2.63E+02
691.0	32.73	1.72	2.64E+02	7.13E+00	2.64E+02
692.0	32.72	1.72	2.64E+02	7.14E+00	2.64E+02
693.0	32.71	1.72	2.65E+02	7.15E+00	2.65E+02
694.0	32.70	1.71	2.65E+02	7.17E+00	2.65E+02
695.0	32.69	1.71	2.66E+02	7.18E+00	2.66E+02
696.0	32.68	1.71	2.66E+02	7.19E+00	2.66E+02
697.0	32.67	1.71	2.67E+02	7.21E+00	2.67E+02
698.0	32.66	1.71	2.67E+02	7.22E+00	2.67E+02
699.0	32.65	1.71	2.68E+02	7.23E+00	2.68E+02
700.0	32.64	1.76	2.68E+02	7.25E+00	2.68E+02
701.0	32.63	1.76	2.69E+02	7.26E+00	2.69E+02
702.0	32.62	1.76	2.69E+02	7.27E+00	2.69E+02
703.0	32.61	1.76	2.70E+02	7.29E+00	2.70E+02
704.0	32.60	1.76	2.70E+02	7.30E+00	2.70E+02
705.0	32.59	1.76	2.71E+02	7.31E+00	2.71E+02
706.0	32.57	1.76	2.71E+02	7.33E+00	2.71E+02
707.0	32.56	1.75	2.72E+02	7.34E+00	2.72E+02
708.0	32.55	1.75	2.72E+02	7.35E+00	2.72E+02
709.0	32.54	1.75	2.73E+02	7.37E+00	2.73E+02
710.0	32.53	1.75	2.73E+02	7.38E+00	2.73E+02
711.0	32.52	1.75	2.74E+02	7.39E+00	2.74E+02
712.0	32.51	1.75	2.74E+02	7.41E+00	2.74E+02
713.0	32.50	1.75	2.75E+02	7.42E+00	2.75E+02
714.0	32.49	1.75	2.75E+02	7.43E+00	2.75E+02
715.0	32.48	1.75	2.76E+02	7.45E+00	2.75E+02
716.0	32.47	1.75	2.76E+02	7.46E+00	2.76E+02
717.0	32.46	1.75	2.77E+02	7.47E+00	2.76E+02
718.0	32.45	1.75	2.77E+02	7.49E+00	2.77E+02
719.0	32.44	1.75	2.78E+02	7.50E+00	2.77E+02
720.0	32.43	1.75	2.78E+02	7.51E+00	2.78E+02
721.0	32.42	1.75	2.79E+02	7.53E+00	2.78E+02
722.0	32.41	1.75	2.79E+02	7.54E+00	2.79E+02
723.0	32.40	1.75	2.80E+02	7.55E+00	2.79E+02
724.0	32.39	1.75	2.80E+02	7.57E+00	2.80E+02
725.0	32.38	1.74	2.81E+02	7.58E+00	2.80E+02
726.0	32.37	1.74	2.81E+02	7.59E+00	2.81E+02
727.0	32.36	1.74	2.81E+02	7.61E+00	2.81E+02
728.0	32.35	1.74	2.82E+02	7.62E+00	2.82E+02
729.0	32.34	1.74	2.82E+02	7.63E+00	2.82E+02
730.0	32.33	1.74	2.83E+02	7.65E+00	2.83E+02
731.0	32.32	1.74	2.83E+02	7.66E+00	2.83E+02
732.0	32.31	1.74	2.84E+02	7.68E+00	2.84E+02
733.0	32.30	1.74	2.84E+02	7.69E+00	2.84E+02
734.0	32.29	1.74	2.85E+02	7.70E+00	2.85E+02
735.0	32.28	1.74	2.85E+02	7.72E+00	2.85E+02
736.0	32.27	1.74	2.86E+02	7.73E+00	2.86E+02
737.0	32.26	1.74	2.86E+02	7.74E+00	2.86E+02
738.0	32.25	1.74	2.87E+02	7.76E+00	2.87E+02
739.0	32.24	1.74	2.87E+02	7.77E+00	2.87E+02
740.0	32.23	1.74	2.88E+02	7.78E+00	2.88E+02
741.0	32.22	1.74	2.88E+02	7.80E+00	2.88E+02
742.0	32.21	1.74	2.89E+02	7.81E+00	2.89E+02
743.0	32.20	1.74	2.89E+02	7.82E+00	2.89E+02
744.0	32.19	1.73	2.90E+02	7.84E+00	2.90E+02
745.0	32.18	1.73	2.90E+02	7.85E+00	2.90E+02
746.0	32.17	1.73	2.91E+02	7.86E+00	2.91E+02
747.0	32.16	1.73	2.91E+02	7.88E+00	2.91E+02
748.0	32.15	1.73	2.92E+02	7.89E+00	2.92E+02
749.0	32.14	1.73	2.92E+02	7.90E+00	2.92E+02
750.0	32.13	1.73	2.93E+02	7.92E+00	2.93E+02
751.0	32.13	1.73	2.93E+02	7.93E+00	2.93E+02
752.0	32.12	1.73	2.94E+02	7.94E+00	2.94E+02
753.0	32.11	1.73	2.94E+02	7.96E+00	2.94E+02
754.0	32.10	1.73	2.95E+02	7.97E+00	2.95E+02
755.0	32.09	1.73	2.95E+02	7.98E+00	2.95E+02
756.0	32.08	1.73	2.96E+02	8.00E+00	2.96E+02
757.0	32.07	1.73	2.96E+02	8.01E+00	2.96E+02
758.0	32.06	1.73	2.97E+02	8.03E+00	2.97E+02
759.0	32.05	1.73	2.97E+02	8.04E+00	2.97E+02
760.0	32.04	1.73	2.98E+02	8.05E+00	2.98E+02
761.0	32.03	1.73	2.98E+02	8.07E+00	2.98E+02
762.0	32.02	1.73	2.99E+02	8.08E+00	2.99E+02
763.0	32.01	1.72	2.99E+02	8.09E+00	2.99E+02
764.0	32.00	1.72	3.00E+02	8.11E+00	3.00E+02
765.0	31.99	1.72	3.00E+02	8.12E+00	3.00E+02
766.0	31.98	1.72	3.01E+02	8.13E+00	3.01E+02
767.0	31.97	1.72	3.01E+02	8.15E+00	3.01E+02
768.0	31.96	1.72	3.02E+02	8.16E+00	3.02E+02
769.0	31.95	1.72	3.02E+02	8.17E+00	3.02E+02
770.0	31.94	1.72	3.03E+02	8.19E+00	3.03E+02
771.0	31.93	1.72	3.03E+02	8.20E+00	3.03E+02
772.0	31.92	1.72	3.04E+02	8.21E+00	3.04E+02
773.0	31.91	1.72	3.04E+02	8.23E+00	3.04E+02
774.0	31.91	1.72	3.05E+02	8.24E+00	3.05E+02
775.0	31.90	1.72	3.05E+02	8.25E+00	3.05E+02
776.0	31.89	1.72	3.06E+02	8.27E+00	3.06E+02
777.0	31.88	1.72	3.06E+02	8.28E+00	3.06E+02
778.0	31.87	1.72	3.07E+02	8.30E+00	3.07E+02
779.0	31.86	1.72	3.07E+02	8.31E+00	3.07E+02
780.0	31.85	1.72	3.08E+02	8.32E+00	3.08E+02
781.0	31.84	1.72	3.08E+02	8.34E+00	3.08E+02
782.0	31.83	1.72	3.09E+02	8.35E+00	3.09E+02
783.0	31.82	1.71	3.09E+02	8.36E+00	3.09E+02
784.0	31.81	1.71	3.10E+02	8.38E+00	3.10E+02
785.0	31.80	1.71	3.10E+02	8.39E+00	3.10E+02
786.0	31.79	1.71	3.11E+02	8.40E+00	3.11E+02
787.0	31.78	1.71	3.11E+02	8.42E+00	3.11E+02
788.0	31.77	1.71	3.12E+02	8.43E+00	3.12E+02
789.0	31.76	1.71	3.12E+02	8.44E+00	3.12E+02
790.0	31.76	1.71	3.13E+02	8.46E+00	3.13E+02
791.0	31.75	1.71	3.13E+02	8.47E+00	3.13E+02
792.0	31.74	1.71	3.14E+02	8.48E+00	3.14E+02
793.0	31.73	1.71	3.14E+02	8.50E+00	3.14E+02
794.0	31.72	1.71	3.15E+02	8.51E+00	3.15E+02
795.0	31.71	1.71	3.15E+02	8.52E+00	3.15E+02
796.0	31.70	1.71	3.16E+02	8.54E+00	3.16E+02
797.0	31.69	1.71	3.16E+02	8.55E+00	3.16E+02
798.0	31.68	1.71	3.17E+02	8.57E+00	3.17E+02
799.0	31.67	1.71	3.17E+02	8.58E+00	3.17E+02
800.0	31.66	1.74	3.18E+02	8.59E+00	3.18E+02
801.0	31.65	1.74	3.18E+02	8.61E+00	3.18E+02
802.0	31.64	1.74	3.19E+02	8.62E+00	3.19E+02
803.0	31.64	1.74	3.19E+02	8.63E+00	3.19E+02
804.0	31.63	1.74	3.20E+02	8.65E+00	3.20E+02
805.0	31.62	1.74	3.20E+02	8.66E+00	3.20E+02
806.0	31.61	1.74	3.21E+02	8.67E+00	3.21E+02
807.0	31.60	1.74	3.21E+02	8.69E+00	3.21E+02
808.0	31.59	1.74	3.22E+02	8.70E+00	3.22E+02
809.0	31.58	1.74	3.22E+02	8.71E+00	3.22E+02
810.0	31.57	1.74	3.23E+02	8.73E+00	3.23E+02
811.0	31.56	1.74	3.23E+02	8.74E+00	3.23E+02
812.0	31.55	1.74	3.24E+02	8.75E+00	3.24E+02
813.0	31.54	1.74	3.24E+02	8.77E+00	3.24E+02
814.0	31.54	1.74	3.25E+02	8.78E+00	3.25E+02
815.0	31.53	1.74	3.25E+02	8.80E+00	3.25E+02
816.0	31.52	1.74	3.26E+02	8.81E+00	3.26E+02
817.0	31.51	1.74	3.26E+02	8.82E+00	3.26E+02
818.0	31.50	1.74	3.27E+02	8.84E+00	3.27E+02
819.0	31.49	1.74	3.27E+02	8.85E+00	3.27E+02
820.0	31.48	1.73	3.28E+02	8.86E+00	3.28E+02
821.0	31.47	1.73	3.28E+02	8.88E+00	3.28E+02
822.0	31.46	1.73	3.29E+02	8.89E+00	3.29E+02
823.0	31.45	1.73	3.29E+02	8.90E+00	3.29E+02
824.0	31.45	1.73	3.30E+02	8.92E+00	3.30E+02
825.0	31.44	1.73	3.30E+02	8.93E+00	3.30E+02
826.0	31.43	1.73	3.31E+02	8.94E+00	3.31E+02
827.0	31.42	1.73	3.31E+02	8.96E+00	3.31E+02
828.0	31.41	1.73	3.32E+02	8.97E+00	3.32E+02
829.0	31.40	1.73	3.32E+02	8.98E+00	3.32E+02
830.0	31.39	1.73	3.33E+02	9.00E+00	3.33E+02
831.0	31.38	1.73	3.33E+02	9.01E+00	3.33E+02
832.0	31.37	1.73	3.34E+02	9.03E+00	3.34E+02
833.0	31.37	1.73	3.34E+02	9.04E+00	3.34E+02
834.0	31.36	1.73	3.35E+02	9.05E+00	3.35E+02
835.0	31.35	1.73	3.35E+02	9.07E+00	3.35E+02
836.0	31.34	1.73	3.36E+02	9.08E+00	3.36E+02
837.0	31.33	1.73	3.36E+02	9.09E+00	3.36E+02
838.0	31.32	1.73	3.37E+02	9.11E+00	3.37E+02
839.0	31.31	1.73	3.37E+02	9.12E+00	3.37E+02
840.0	31.30	1.72	3.38E+02	9.13E+00	3.38E+02
841.0	31.29	1.72	3.38E+02	9.15E+00	3.38E+02
842.0	31.29	1.72	3.39E+02	9.16E+00	3.39E+02
843.0	31.28	1.72	3.39E+02	9.17E+00	3.39E+02
844.0	31.27	1.72	3.40E+02	9.19E+00	3.40E+02
845.0	31.26	1.72	3.40E+02	9.20E+00	3.40E+02
846.0	31.25	1.72	3.41E+02	9.21E+00	3.41E+02
847.0	31.24	1.72	3.41E+02	9.23E+00	3.41E+02
848.0	31.23	1.72	3.42E+02	9.24E+00	3.42E+02
849.0	31.22	1.72	3.42E+02	9.26E+00	3.42E+02
850.0	31.22	1.72	3.43E+02	9.27E+00	3.43E+02
851.0	31.21	1.72	3.43E+02	9.28E+00	3.43E+02
852.0	31.20	1.72	3.44E+02	9.30E+00	3.44E+02
853.0	31.19	1.72	3.44E+02	9.31E+00	3.44E+02
854.0	31.18	1.72	3.45E+02	9.32E+00	3.45E+02
855.0	31.17	1.72	3.45E+02	9.34E+00	3.45E+02
856.0	31.16	1.72	3.46E+02	9.35E+00	3.46E+02
857.0	31.15	1.72	3.46E+02	9.36E+00	3.46E+02
858.0	31.15	1.72	3.47E+02	9.38E+00	3.47E+02
859.0	31.14	1.72	3.47E+02	9.39E+00	3.47E+02
860.0	31.13	1.72	3.48E+02	9.40E+00	3.48E+02
861.0	31.12	1.71	3.48E+02	9.42E+00	3.48E+02
862.0	31.11	1.71	3.49E+02	9.43E+00	3.49E+02
863.0	31.10	1.71	3.49E+02	9.44E+00	3.49E+02
864.0	31.09	1.71	3.50E+02	9.46E+00	3.50E+02
865.0	31.09	1.71	3.50E+02	9.47E+00	3.50E+02
866.0	31.08	1.71	3.51E+02	9.48E+00	3.51E+02
867.0	31.07	1.71	3.51E+02	9.50E+00	3.51E+02
868.0	31.06	1.71	3.52E+02	9.51E+00	3.52E+02
869.0	31.05	1.71	3.52E+02	9.53E+00	3.52E+02
870.0	31.04	1.71	3.53E+02	9.54E+00	3.53E+02
871.0	31.03	1.71	3.53E+02	9.55E+00	3.53E+02
872.0	31.03	1.71	3.54E+02	9.57E+00	3.54E+02
873.0	31.02	1.71	3.54E+02	9.58E+00	3.54E+02
874.0	31.01	1.71	3.55E+02	9.59E+00	3.55E+02
875.0	31.00	1.71	3.55E+02	9.61E+00	3.55E+02
876.0	30.99	1.71	3.56E+02	9.62E+00	3.56E+02
877.0	30.98	1.71	3.56E+02	9.63E+00	3.56E+02
878.0	30.98	1.71	3.57E+02	9.65E+00	3.57E+02
879.0	30.97	1.71	3.57E+02	9.66E+00	3.57E+02
880.0	30.96	1.71	3.58E+02	9.67E+00	3.58E+02
881.0	30.95	1.71	3.58E+02	9.69E+00	3.58E+02
882.0	30.94	1.71	3.59E+02	9.70E+00	3.59E+02
883.0	30.93	1.70	3.59E+02	9.71E+00	3.59E+02
884.0	30.93	1.70	3.60E+02	9.73E+00	3.60E+02
885.0	30.92	1.70	3.60E+02	9.74E+00	3.60E+02
886.0	30.91	1.70	3.61E+02	9.75E+00	3.61E+02
887.0	30.90	1.70	3.61E+02	9.77E+00	3.61E+02
888.0	30.89	1.70	3.62E+02	9.78E+00	3.62E+02
889.0	30.88	1.70	3.62E+02	9.79E+00	3.62E+02
890.0	30.87	1.70	3.63E+02	9.81E+00	3.63E+02
891.0	30.87	1.70	3.63E+02	9.82E+00	3.63E+02
892.0	30.86	1.70	3.64E+02	9.84E+00	3.64E+02
893.0	30.85	1.70	3.64E+02	9.85E+00	3.64E+02
894.0	30.84	1.70	3.65E+02	9.86E+00	3.65E+02
895.0	30.83	1.70	3.65E+02	9.88E+00	3.65E+02
896.0	30.83	1.70	3.66E+02	9.89E+00	3.66E+02
897.0	30.82	1.70	3.66E+02	9.90E+00	3.66E+02
898.0	30.81	1.70	3.67E+02	9.92E+00	3.67E+02
899.0	30.80	1.70	3.67E+02	9.93E+00	3.67E+02
900.0	30.79	1.74	3.68E+02	9.94E+00	3.68E+02
901.0	30.78	1.73	3.68E+02	9.96E+00	3.68E+02
902.0	30.78	1.73	3.69E+02	9.97E+00	3.69E+02
903.0	30.77	1.73	3.69E+02	9.98E+00	3.69E+02
904.0	30.76	1.73	3.70E+02	1.00E+01	3.70E+02
905.0	30.75	1.73	3.70E+02	1.00E+01	3.70E+02
906.0	30.74	1.73	3.71E+02	1.00E+01	3.71E+02
907.0	30.73	1.73	3.71E+02	1.00E+01	3.71E+02
908.0	30.73	1.73	3.72E+02	1.01E+01	3.72E+02
909.0	30.72	1.73	3.72E+02	1.01E+01	3.72E+02
910.0	30.71	1.73	3.73E+02	1.01E+01	3.73E+02
911.0	30.70	1.73	3.73E+02	1.01E+01	3.73E+02
912.0	30.69	1.73	3.74E+02	1.01E+01	3.74E+02
913.0	30.69	1.73	3.74E+02	1.01E+01	3.74E+02
914.0	30.68	1.73	3.75E+02	1.01E+01	3.75E+02
915.0	30.67	1.73	3.75E+02	1.01E+01	3.75E+02
916.0	30.66	1.73	3.76E+02	1.02E+01	3.76E+02
917.0	30.65	1.73	3.76E+02	1.02E+01	3.76E+02
918.0	30.65	1.73	3.77E+02	1.02E+01	3.77E+02
919.0	30.64	1.73	3.77E+02	1.02E+01	3.77E+02
920.0	30.63	1.73	3.78E+02	1.02E+01	3.78E+02
921.0	30.62	1.73	3.78E+02	1.02E+01	3.78E+02
922.0	30.61	1.73	3.79E+02	1.02E+01	3.79E+02
923.0	30.60	1.72	3.79E+02	1.03E+01	3.79E+02
924.0	30.60	1.72	3.80E+02	1.03E+01	3.80E+02
925.0	30.59	1.72	3.80E+02	1.03E+01	3.80E+02
926.0	30.58	1.72	3.81E+02	1.03E+01	3.81E+02
927.0	30.57	1.72	3.81E+02	1.03E+01	3.81E+02
928.0	30.56	1.72	3.82E+02	1.03E+01	3.82E+02
929.0	30.56	1.72	3.82E+02	1.03E+01	3.82E+02
930.0	30.55	1.72	3.83E+02	1.03E+01	3.83E+02
931.0	30.54	1.72	3.83E+02	1.04E+01	3.83E+02
932.0	30.53	1.72	3.84E+02	1.04E+01	3.84E+02
933.0	30.52	1.72	3.84E+02	1.04E+01	3.84E+02
934.0	30.52	1.72	3.85E+02	1.04E+01	3.85E+02
935.0	30.51	1.72	3.85E+02	1.04E+01	3.85E+02
936.0	30.50	1.72	3.86E+02	1.04E+01	3.86E+02
937.0	30.49	1.72	3.86E+02	1.04E+01	3.86E+02
938.0	30.48	1.72	3.87E+02	1.05E+01	3.87E+02
939.0	30.48	1.72	3.87E+02	1.05E+01	3.87E+02
940.0	30.47	1.72	3.88E+02	1.05E+01	3.88E+02
941.0	30.46	1.72	3.88E+02	1.05E+01	3.88E+02
942.0	30.45	1.72	3.89E+02	1.05E+01	3.89E+02
943.0	30.45	1.72	3.89E+02	1.05E+01	3.89E+02
944.0	30.44	1.72	3.90E+02	1.05E+01	3.90E+02
945.0	30.43	1.71	3.90E+02	1.05E+01	3.90E+02
946.0	30.42	1.71	3.91E+02	1.06E+01	3.91E+02
947.0	30.41	1.71	3.91E+02	1.06E+01	3.91E+02
948.0	30.41	1.71	3.92E+02	1.06E+01	3.92E+02
949.0	30.40	1.71	3.92E+02	1.06E+01	3.92E+02
950.0	30.39	1.71	3.93E+02	1.06E+01	3.93E+02
951.0	30.38	1.71	3.93E+02	1.06E+01	3.93E+02
952.0	30.37	1.71	3.94E+02	1.06E+01	3.94E+02
953.0	30.37	1.71	3.94E+02	1.07E+01	3.94E+02
954.0	30.36	1.71	3.95E+02	1.07E+01	3.95E+02
955.0	30.35	1.71	3.95E+02	1.07E+01	3.95E+02
956.0	30.34	1.71	3.96E+02	1.07E+01	3.96E+02
957.0	30.34	1.71	3.96E+02	1.07E+01	3.96E+02
958.0	30.33	1.71	3.97E+02	1.07E+01	3.97E+02
959.0	30.32	1.71	3.97E+02	1.07E+01	3.97E+02
960.0	30.31	1.71	3.98E+02	1.07E+01	3.98E+02
961.0	30.30	1.71	3.98E+02	1.08E+01	3.98E+02
962.0	30.30	1.71	3.99E+02	1.08E+01	3.99E+02
963.0	30.29	1.71	3.99E+02	1.08E+01	3.99E+02
964.0	30.28	1.71	4.00E+02	1.08E+01	4.00E+02
965.0	30.27	1.71	4.00E+02	1.08E+01	4.00E+02
966.0	30.26	1.71	4.01E+02	1.08E+01	4.01E+02
967.0	30.26	1.71	4.01E+02	1.08E+01	4.01E+02
968.0	30.25	1.70	4.02E+02	1.09E+01	4.02E+02
969.0	30.24	1.70	4.02E+02	1.09E+01	4.02E+02
970.0	30.23	1.70	4.03E+02	1.09E+01	4.03E+02
971.0	30.23	1.70	4.03E+02	1.09E+01	4.03E+02
972.0	30.22	1.70	4.04E+02	1.09E+01	4.04E+02
973.0	30.21	1.70	4.04E+02	1.09E+01	4.04E+02
974.0	30.20	1.70	4.05E+02	1.09E+01	4.04E+02
975.0	30.19	1.70	4.05E+02	1.09E+01	4.05E+02
976.0	30.19	1.70	4.06E+02	1.10E+01	4.05E+02
977.0	30.18	1.70	4.06E+02	1.10E+01	4.06E+02
978.0	30.17	1.70	4.07E+02	1.10E+01	4.06E+02
979.0	30.16	1.70	4.07E+02	1.10E+01	4.07E+02
980.0	30.16	1.70	4.08E+02	1.10E+01	4.07E+02
981.0	30.15	1.70	4.08E+02	1.10E+01	4.08E+02
982.0	30.14	1.70	4.09E+02	1.10E+01	4.08E+02
983.0	30.13	1.70	4.09E+02	1.11E+01	4.09E+02
984.0	30.12	1.70	4.09E+02	1.11E+01	4.09E+02
985.0	30.12	1.70	4.10E+02	1.11E+01	4.10E+02
986.0	30.11	1.70	4.10E+02	1.11E+01	4.10E+02
987.0	30.10	1.70	4.11E+02	1.11E+01	4.11E+02
988.0	30.09	1.70	4.11E+02	1.11E+01	4.11E+02
989.0	30.09	1.70	4.12E+02	1.11E+01	4.12E+02
990.0	30.08	1.70	4.12E+02	1.11E+01	4.12E+02
991.0	30.07	1.69	4.13E+02	1.12E+01	4.13E+02
992.0	30.06	1.69	4.13E+02	1.12E+01	4.13E+02
993.0	30.05	1.69	4.14E+02	1.12E+01	4.14E+02
994.0	30.05	1.69	4.14E+02	1.12E+01	4.14E+02
995.0	30.04	1.69	4.15E+02	1.12E+01	4.15E+02
996.0	30.03	1.69	4.15E+02	1.12E+01	4.15E+02
997.0	30.02	1.69	4.16E+02	1.12E+01	4.16E+02
998.0	30.02	1.69	4.16E+02	1.13E+01	4.16E+02
999.0	30.01	1.69	4.17E+02	1.13E+01	4.17E+02
					
					
					
					
					
					
					
					
					
					
					
					
					
					
					
					
					
					
					
					
					
					
					
					
					
					
					
					
					
					
					
					
					
					
					
					
					
					
					
					
					
					
					
					
					
					
					
					
					
					
					
					
					
					
					
					
					
					
					
					
					
					
					
					
					
					
					
					
					
					
					
					
					
					
					
					
					
					
					
					
					
					
					
					
					
					
					
					
					
					
					
					
					
					
					
					
					
					
					
					
					
					
					
					
					
					
					
					
					
					
					
					
					
					
					
					
					
					
					
					
					
					
					
					
					
					
					
					
					
					
					
					
					
					
					
					
					
					
					
					
					
					
					
					
					
					
					
					
					
					
					
					
					
					
					
					
					
					
					
					
					
					
					
					
					
					
					
					
					
					
					
					
					
					
					
					
					
					
					
					
					
					
					
					
					
					
					
					
					
					
					
					
					
					
					
					
					
					
					
					
					
					
					
					
					
					
					
					
					
					
					
					
					
					
					
					
					
					
					
					
					
					
					
					
					
					
					
					
					
					
					
					
					
					
					
					
					
					
					
					
					
					
					
					
					
					
					
					
					
					
					
					
					
					
					
					
					
					
					
					
					
					
					
					
					
					
					
					
					
					
					
					
					
					
					
					
					
					
					
					
					
					
					
					
					
					
					
					
					
					
					
					
					
